-0.8 , 0.00065536
-0.7996 , 0.000256
-0.7992 , 1.024e-05
-0.7988 , 0.000361
-0.7984 , 0.00064516
-0.798 , 0.00064516
-0.7976 , 0.00064516
-0.7972 , 0.00033856
-0.7968 , 2.304e-05
-0.7964 , 6.724e-05
-0.796 , 0.00028224
-0.7956 , 0.00030276
-0.7952 , 0.00013456
-0.7948 , 0.0
-0.7944 , 0.00018496
-0.794 , 0.00064516
-0.7936 , 0.00064516
-0.7932 , 0.00064516
-0.7928 , 0.00051076
-0.7924 , 6.724e-05
-0.792 , 4.9e-05
-0.7916 , 0.00040804
-0.7912 , 0.00065536
-0.7908 , 0.00065536
-0.7904 , 0.00065536
-0.79 , 0.00051984
-0.7896 , 0.000144
-0.7892 , 3.24e-06
-0.7888 , 4.356e-05
-0.7884 , 0.00011236
-0.788 , 0.00011664
-0.7876 , 7.056e-05
-0.7872 , 2.304e-05
-0.7868 , 1.44e-06
-0.7864 , 4e-08
-0.786 , 1.156e-05
-0.7856 , 7.056e-05
-0.7852 , 0.00018496
-0.7848 , 0.000289
-0.7844 , 0.00027556
-0.784 , 0.00017956
-0.7836 , 7.744e-05
-0.7832 , 5.76e-06
-0.7828 , 1.024e-05
-0.7824 , 6.4e-05
-0.782 , 0.00010404
-0.7816 , 8.836e-05
-0.7812 , 2.304e-05
-0.7808 , 3.6e-07
-0.7804 , 6.4e-07
-0.78 , 4e-08
-0.7796 , 2.304e-05
-0.7792 , 0.00010404
-0.7788 , 0.00039204
-0.7784 , 0.00039204
-0.778 , 0.00041616
-0.7776 , 0.00027556
-0.7772 , 5.184e-05
-0.7768 , 2.704e-05
-0.7764 , 0.00030976
-0.776 , 0.00064516
-0.7756 , 0.00064516
-0.7752 , 0.00064516
-0.7748 , 0.00049284
-0.7744 , 0.00013456
-0.774 , 6.4e-07
-0.7736 , 8.464e-05
-0.7732 , 0.00026244
-0.7728 , 0.00023104
-0.7724 , 0.000121
-0.772 , 3.24e-06
-0.7716 , 5.776e-05
-0.7712 , 0.000169
-0.7708 , 0.00020164
-0.7704 , 9.216e-05
-0.77 , 6.4e-07
-0.7696 , 9.216e-05
-0.7692 , 0.00038416
-0.7688 , 0.00065536
-0.7684 , 0.00065536
-0.768 , 0.00053824
-0.7676 , 0.00017424
-0.7672 , 1.6e-07
-0.7668 , 0.000144
-0.7664 , 0.000441
-0.766 , 0.000576
-0.7656 , 0.00050176
-0.7652 , 0.00027556
-0.7648 , 8.464e-05
-0.7644 , 6.4e-07
-0.764 , 2.116e-05
-0.7636 , 3.364e-05
-0.7632 , 1.6e-05
-0.7628 , 7.84e-06
-0.7624 , 6.4e-05
-0.762 , 0.000121
-0.7616 , 0.000121
-0.7612 , 4.624e-05
-0.7608 , 1.6e-07
-0.7604 , 4.624e-05
-0.76 , 0.00020736
-0.7596 , 0.000361
-0.7592 , 0.00035344
-0.7588 , 0.00027556
-0.7584 , 8.464e-05
-0.758 , 1e-06
-0.7576 , 2.704e-05
-0.7572 , 6.724e-05
-0.7568 , 6.4e-05
-0.7564 , 2.5e-05
-0.756 , 1.96e-06
-0.7556 , 5.76e-06
-0.7552 , 1.936e-05
-0.7548 , 1.156e-05
-0.7544 , 6.4e-07
-0.754 , 7.056e-05
-0.7536 , 0.00023716
-0.7532 , 0.00043264
-0.7528 , 0.00044944
-0.7524 , 0.00028224
-0.752 , 8.464e-05
-0.7516 , 0.0
-0.7512 , 0.00010404
-0.7508 , 0.00029584
-0.7504 , 0.00041616
-0.75 , 0.00036864
-0.7496 , 0.00016384
-0.7492 , 1.936e-05
-0.7488 , 1.296e-05
-0.7484 , 7.056e-05
-0.748 , 0.0001
-0.7476 , 4.356e-05
-0.7472 , 0.0
-0.7468 , 3.844e-05
-0.7464 , 0.000121
-0.746 , 0.00021904
-0.7456 , 0.00016384
-0.7452 , 5.184e-05
-0.7448 , 1.444e-05
-0.7444 , 0.00020164
-0.744 , 0.00043264
-0.7436 , 0.000576
-0.7432 , 0.00039204
-0.7428 , 0.00023104
-0.7424 , 4.096e-05
-0.742 , 1.444e-05
-0.7416 , 0.00011664
-0.7412 , 0.00021904
-0.7408 , 0.00021904
-0.7404 , 8.464e-05
-0.74 , 1.96e-06
-0.7396 , 1.764e-05
-0.7392 , 5.776e-05
-0.7388 , 4.9e-05
-0.7384 , 6.76e-06
-0.738 , 1.024e-05
-0.7376 , 8.464e-05
-0.7372 , 0.00019044
-0.7368 , 0.000256
-0.7364 , 0.00017424
-0.736 , 3.844e-05
-0.7356 , 7.84e-06
-0.7352 , 0.000144
-0.7348 , 0.00030276
-0.7344 , 0.00036864
-0.734 , 0.00024336
-0.7336 , 0.00010816
-0.7332 , 1.024e-05
-0.7328 , 1.296e-05
-0.7324 , 7.396e-05
-0.732 , 8.464e-05
-0.7316 , 3.136e-05
-0.7312 , 6.4e-07
-0.7308 , 6.084e-05
-0.7304 , 0.00016384
-0.73 , 0.00015376
-0.7296 , 7.396e-05
-0.7292 , 6.4e-07
-0.7288 , 4.356e-05
-0.7284 , 0.00020736
-0.728 , 0.00039204
-0.7276 , 0.00041616
-0.7272 , 7.744e-05
-0.7268 , 7.744e-05
-0.7264 , 2.56e-06
-0.726 , 0.00012544
-0.7256 , 0.00027556
-0.7252 , 0.00030276
-0.7248 , 0.00019044
-0.7244 , 5.184e-05
-0.724 , 0.0
-0.7236 , 3.6e-05
-0.7232 , 9.216e-05
-0.7228 , 7.744e-05
-0.7224 , 1.6e-05
-0.722 , 1.024e-05
-0.7216 , 0.00012544
-0.7212 , 0.000256
-0.7208 , 0.00026896
-0.7204 , 0.00015376
-0.72 , 3.136e-05
-0.7196 , 1.024e-05
-0.7192 , 0.00011236
-0.7188 , 0.00026896
-0.7184 , 0.00035344
-0.718 , 0.00024336
-0.7176 , 8.836e-05
-0.7172 , 1.6e-07
-0.7168 , 4.624e-05
-0.7164 , 0.00010404
-0.716 , 0.0001
-0.7156 , 4.356e-05
-0.7152 , 2.56e-06
-0.7148 , 1.156e-05
-0.7144 , 5.476e-05
-0.714 , 7.744e-05
-0.7136 , 3.6e-05
-0.7132 , 0.0
-0.7128 , 6.084e-05
-0.7124 , 0.00021316
-0.712 , 0.00030276
-0.7116 , 0.000256
-0.7112 , 0.00011664
-0.7108 , 1.156e-05
-0.7104 , 1.6e-05
-0.71 , 0.00011664
-0.7096 , 0.00020164
-0.7092 , 0.000196
-0.7088 , 8.836e-05
-0.7084 , 4e-06
-0.708 , 2.116e-05
-0.7076 , 8.836e-05
-0.7072 , 0.0001
-0.7068 , 5.184e-05
-0.7064 , 6.4e-07
-0.706 , 2.704e-05
-0.7056 , 0.00013924
-0.7052 , 0.00020736
-0.7048 , 0.00018496
-0.7044 , 6.724e-05
-0.704 , 4e-08
-0.7036 , 0.00010404
-0.7032 , 0.00030276
-0.7028 , 0.00042436
-0.7024 , 0.000361
-0.702 , 0.00016384
-0.7016 , 2.5e-05
-0.7012 , 1.296e-05
-0.7008 , 0.00010816
-0.7004 , 0.000196
-0.7 , 0.00017956
-0.6996 , 3.364e-05
-0.6992 , 0.0
-0.6988 , 5.184e-05
-0.6984 , 0.00012544
-0.698 , 0.00015876
-0.6976 , 6.4e-05
-0.6972 , 2.56e-06
-0.6968 , 3.844e-05
-0.6964 , 0.000169
-0.696 , 0.000256
-0.6956 , 0.000256
-0.6952 , 0.00012544
-0.6948 , 5.76e-06
-0.6944 , 3.6e-05
-0.694 , 0.000169
-0.6936 , 0.000256
-0.6932 , 0.00018496
-0.6928 , 0.0001
-0.6924 , 1.444e-05
-0.692 , 4e-06
-0.6916 , 5.184e-05
-0.6912 , 7.744e-05
-0.6908 , 4.9e-05
-0.6904 , 4.84e-06
-0.69 , 1.764e-05
-0.6896 , 0.0001
-0.6892 , 0.000144
-0.6888 , 0.0001
-0.6884 , 2.704e-05
-0.688 , 1e-06
-0.6876 , 6.4e-05
-0.6872 , 0.00017424
-0.6868 , 0.00021904
-0.6864 , 0.00017424
-0.686 , 5.476e-05
-0.6856 , 3.6e-07
-0.6852 , 6.4e-05
-0.6848 , 0.00013456
-0.6844 , 0.00014884
-0.684 , 9.216e-05
-0.6836 , 1.296e-05
-0.6832 , 5.76e-06
-0.6828 , 4.9e-05
-0.6824 , 9.216e-05
-0.682 , 8.836e-05
-0.6816 , 1.936e-05
-0.6812 , 7.84e-06
-0.6808 , 0.00011664
-0.6804 , 0.00023104
-0.68 , 0.00026244
-0.6796 , 0.000144
-0.6792 , 3.136e-05
-0.6788 , 4e-06
-0.6784 , 8.836e-05
-0.678 , 0.000196
-0.6776 , 0.00024964
-0.6772 , 0.00015376
-0.6768 , 4.096e-05
-0.6764 , 4e-06
-0.676 , 7.744e-05
-0.6756 , 0.00014884
-0.6752 , 0.00013924
-0.6748 , 5.476e-05
-0.6744 , 1.764e-05
-0.674 , 1.764e-05
-0.6736 , 0.00010816
-0.6732 , 0.00014884
-0.6728 , 0.00010816
-0.6724 , 2.116e-05
-0.672 , 1.156e-05
-0.6716 , 0.00011236
-0.6712 , 0.000256
-0.6708 , 0.00026244
-0.6704 , 0.000196
-0.67 , 4.624e-05
-0.6696 , 6.4e-07
-0.6692 , 4.356e-05
-0.6688 , 0.00013456
-0.6684 , 0.000169
-0.668 , 0.0001
-0.6676 , 1.444e-05
-0.6672 , 1.156e-05
-0.6668 , 8.1e-05
-0.6664 , 0.00010816
-0.666 , 7.744e-05
-0.6656 , 1.296e-05
-0.6652 , 3.24e-06
-0.6648 , 5.184e-05
-0.6644 , 0.000144
-0.664 , 0.00015376
-0.6636 , 9.604e-05
-0.6632 , 7.84e-06
-0.6628 , 1.936e-05
-0.6624 , 0.00012544
-0.662 , 0.00020164
-0.6616 , 0.00019044
-0.6612 , 8.464e-05
-0.6608 , 1.296e-05
-0.6604 , 1.296e-05
-0.66 , 7.056e-05
-0.6596 , 0.00011236
-0.6592 , 8.464e-05
-0.6588 , 1.936e-05
-0.6584 , 3.24e-06
-0.658 , 7.056e-05
-0.6576 , 0.00015376
-0.6572 , 0.000144
-0.6568 , 4.9e-05
-0.6564 , 1.44e-06
-0.656 , 3.6e-05
-0.6556 , 0.00012544
-0.6552 , 0.00021316
-0.6548 , 0.00017956
-0.6544 , 8.836e-05
-0.654 , 2.56e-06
-0.6536 , 3.6e-05
-0.6532 , 0.00014884
-0.6528 , 0.00020736
-0.6524 , 0.000169
-0.652 , 5.184e-05
-0.6516 , 3.24e-06
-0.6512 , 2.5e-05
-0.6508 , 8.836e-05
-0.6504 , 0.00012996
-0.65 , 6.724e-05
-0.6496 , 5.76e-06
-0.6492 , 2.116e-05
-0.6488 , 0.00011664
-0.6484 , 0.00020736
-0.648 , 0.00015876
-0.6476 , 7.056e-05
-0.6472 , 1.96e-06
-0.6468 , 2.704e-05
-0.6464 , 0.00012544
-0.646 , 0.00021904
-0.6456 , 0.00020736
-0.6452 , 8.836e-05
-0.6448 , 3.24e-06
-0.6444 , 2.704e-05
-0.644 , 0.00010816
-0.6436 , 0.00016384
-0.6432 , 0.0001
-0.6428 , 2.704e-05
-0.6424 , 6.4e-07
-0.642 , 4.096e-05
-0.6416 , 8.836e-05
-0.6412 , 0.0001
-0.6408 , 4.624e-05
-0.6404 , 1.6e-07
-0.64 , 2.916e-05
-0.6396 , 0.00015376
-0.6392 , 0.00020164
-0.6388 , 0.000144
-0.6384 , 5.184e-05
-0.638 , 1.6e-07
-0.6376 , 2.5e-05
-0.6372 , 9.604e-05
-0.6368 , 0.00015376
-0.6364 , 0.00011236
-0.636 , 2.916e-05
-0.6356 , 1.96e-06
-0.6352 , 5.184e-05
-0.6348 , 0.00011236
-0.6344 , 0.0001
-0.634 , 4.356e-05
-0.6336 , 3.6e-07
-0.6332 , 1.936e-05
-0.6328 , 7.744e-05
-0.6324 , 0.00010816
-0.632 , 8.464e-05
-0.6316 , 2.704e-05
-0.6312 , 4.84e-06
-0.6308 , 8.836e-05
-0.6304 , 0.00019044
-0.63 , 0.00018496
-0.6296 , 0.000121
-0.6292 , 2.916e-05
-0.6288 , 1.96e-06
-0.6284 , 5.476e-05
-0.628 , 0.00011664
-0.6276 , 0.00012996
-0.6272 , 7.056e-05
-0.6268 , 4.84e-06
-0.6264 , 1.764e-05
-0.626 , 0.00010816
-0.6256 , 0.00015376
-0.6252 , 0.0001
-0.6248 , 3.136e-05
-0.6244 , 4.84e-06
-0.624 , 5.776e-05
-0.6236 , 0.00013924
-0.6232 , 0.00015876
-0.6228 , 0.00011236
-0.6224 , 2.304e-05
-0.622 , 9e-06
-0.6216 , 9.216e-05
-0.6212 , 0.000196
-0.6208 , 0.00010816
-0.6204 , 0.00010816
-0.62 , 1.936e-05
-0.6196 , 4.84e-06
-0.6192 , 6.4e-05
-0.6188 , 0.00012996
-0.6184 , 0.00011236
-0.618 , 4.096e-05
-0.6176 , 6.4e-07
-0.6172 , 3.844e-05
-0.6168 , 0.00012544
-0.6164 , 0.00014884
-0.616 , 0.0001
-0.6156 , 2.304e-05
-0.6152 , 4e-06
-0.6148 , 6.4e-05
-0.6144 , 0.00013924
-0.614 , 0.00015876
-0.6136 , 9.604e-05
-0.6132 , 1.296e-05
-0.6128 , 9e-06
-0.6124 , 8.1e-05
-0.612 , 0.00015876
-0.6116 , 0.00012544
-0.6112 , 5.776e-05
-0.6108 , 4e-06
-0.6104 , 1.936e-05
-0.61 , 7.056e-05
-0.6096 , 0.0001
-0.6092 , 8.464e-05
-0.6088 , 1.6e-05
-0.6084 , 6.76e-06
-0.608 , 8.1e-05
-0.6076 , 0.00015376
-0.6072 , 0.00014884
-0.6068 , 7.396e-05
-0.6064 , 5.76e-06
-0.606 , 1.156e-05
-0.6056 , 7.056e-05
-0.6052 , 0.000121
-0.6048 , 0.00011664
-0.6044 , 5.776e-05
-0.604 , 1.44e-06
-0.6036 , 2.704e-05
-0.6032 , 0.00011664
-0.6028 , 0.00013924
-0.6024 , 7.744e-05
-0.602 , 2.116e-05
-0.6016 , 1.44e-06
-0.6012 , 4.624e-05
-0.6008 , 0.00010404
-0.6004 , 0.00012544
-0.6 , 5.776e-05
-0.5996 , 1.44e-06
-0.5992 , 2.704e-05
-0.5988 , 0.00011664
-0.5984 , 0.00017956
-0.598 , 0.00017956
-0.5976 , 5.776e-05
-0.5972 , 3.24e-06
-0.5968 , 2.304e-05
-0.5964 , 8.836e-05
-0.596 , 0.00012544
-0.5956 , 0.0001
-0.5952 , 3.6e-05
-0.5948 , 1e-06
-0.5944 , 5.776e-05
-0.594 , 0.00011664
-0.5936 , 0.00012544
-0.5932 , 7.396e-05
-0.5928 , 6.76e-06
-0.5924 , 1.156e-05
-0.592 , 7.056e-05
-0.5916 , 0.00012544
-0.5912 , 0.00011236
-0.5908 , 5.184e-05
-0.5904 , 1e-06
-0.59 , 3.6e-05
-0.5896 , 0.00011236
-0.5892 , 0.00017424
-0.5888 , 0.00011664
-0.5884 , 4.096e-05
-0.588 , 4e-08
-0.5876 , 2.916e-05
-0.5872 , 8.836e-05
-0.5868 , 0.00010816
-0.5864 , 7.396e-05
-0.586 , 1.6e-05
-0.5856 , 1.024e-05
-0.5852 , 7.396e-05
-0.5848 , 0.000144
-0.5844 , 9.604e-05
-0.584 , 4.624e-05
-0.5836 , 1e-06
-0.5832 , 2.5e-05
-0.5828 , 8.836e-05
-0.5824 , 0.00013456
-0.582 , 0.00010816
-0.5816 , 4.096e-05
-0.5812 , 3.6e-07
-0.5808 , 5.184e-05
-0.5804 , 0.00013456
-0.58 , 0.000144
-0.5796 , 9.604e-05
-0.5792 , 1.6e-05
-0.5788 , 2.56e-06
-0.5784 , 5.184e-05
-0.578 , 9.216e-05
-0.5776 , 9.216e-05
-0.5772 , 4.096e-05
-0.5768 , 6.4e-07
-0.5764 , 2.704e-05
-0.576 , 0.00011664
-0.5756 , 0.00015376
-0.5752 , 0.0001
-0.5748 , 2.916e-05
-0.5744 , 6.4e-07
-0.574 , 4.096e-05
-0.5736 , 0.00010816
-0.5732 , 0.00012996
-0.5728 , 8.1e-05
-0.5724 , 2.116e-05
-0.572 , 4e-06
-0.5716 , 6.084e-05
-0.5712 , 0.00013456
-0.5708 , 0.000121
-0.5704 , 5.776e-05
-0.57 , 4e-06
-0.5696 , 1.6e-05
-0.5692 , 6.4e-05
-0.5688 , 8.464e-05
-0.5684 , 8.464e-05
-0.568 , 2.704e-05
-0.5676 , 6.4e-07
-0.5672 , 4.9e-05
-0.5668 , 0.000144
-0.5664 , 0.000144
-0.566 , 9.216e-05
-0.5656 , 1.764e-05
-0.5652 , 4e-06
-0.5648 , 5.184e-05
-0.5644 , 0.00010816
-0.564 , 0.00010816
-0.5636 , 6.724e-05
-0.5632 , 6.76e-06
-0.5628 , 1.296e-05
-0.5624 , 7.744e-05
-0.562 , 0.00012544
-0.5616 , 9.604e-05
-0.5612 , 2.704e-05
-0.5608 , 4e-08
-0.5604 , 2.916e-05
-0.56 , 7.744e-05
-0.5596 , 0.0001
-0.5592 , 5.776e-05
-0.5588 , 1.024e-05
-0.5584 , 4.84e-06
-0.558 , 7.396e-05
-0.5576 , 0.00014884
-0.5572 , 0.000144
-0.5568 , 6.724e-05
-0.5564 , 6.76e-06
-0.556 , 9e-06
-0.5556 , 6.4e-05
-0.5552 , 0.0001
-0.5548 , 9.216e-05
-0.5544 , 3.6e-05
-0.554 , 1.6e-07
-0.5536 , 4.096e-05
-0.5532 , 0.0001
-0.5528 , 0.00011236
-0.5524 , 6.084e-05
-0.552 , 1.296e-05
-0.5516 , 4.84e-06
-0.5512 , 4.624e-05
-0.5508 , 9.604e-05
-0.5504 , 9.604e-05
-0.55 , 4.624e-05
-0.5496 , 4e-06
-0.5492 , 1.936e-05
-0.5488 , 9.604e-05
-0.5484 , 0.00015376
-0.548 , 0.00011664
-0.5476 , 5.476e-05
-0.5472 , 1.6e-07
-0.5468 , 2.116e-05
-0.5464 , 6.724e-05
-0.546 , 0.00010404
-0.5456 , 7.056e-05
-0.5452 , 1.764e-05
-0.5448 , 3.24e-06
-0.5444 , 6.084e-05
-0.544 , 0.00012544
-0.5436 , 0.00011236
-0.5432 , 5.776e-05
-0.5428 , 4.84e-06
-0.5424 , 9e-06
-0.542 , 6.4e-05
-0.5416 , 0.00011236
-0.5412 , 9.604e-05
-0.5408 , 3.6e-05
-0.5404 , 3.6e-07
-0.54 , 3.364e-05
-0.5396 , 0.00011236
-0.5392 , 0.000144
-0.5388 , 8.836e-05
-0.5384 , 2.116e-05
-0.538 , 6.4e-07
-0.5376 , 3.6e-05
-0.5372 , 8.464e-05
-0.5368 , 9.216e-05
-0.5364 , 6.4e-05
-0.536 , 7.84e-06
-0.5356 , 1.444e-05
-0.5352 , 8.464e-05
-0.5348 , 0.00012996
-0.5344 , 0.00010816
-0.534 , 4.624e-05
-0.5336 , 1.6e-07
-0.5332 , 2.304e-05
-0.5328 , 6.724e-05
-0.5324 , 0.00010404
-0.532 , 7.396e-05
-0.5316 , 2.116e-05
-0.5312 , 1.6e-07
-0.5308 , 4.356e-05
-0.5304 , 0.00011236
-0.53 , 0.00011664
-0.5296 , 6.084e-05
-0.5292 , 6.76e-06
-0.5288 , 4.84e-06
-0.5284 , 4.624e-05
-0.528 , 9.604e-05
-0.5276 , 8.464e-05
-0.5272 , 4.096e-05
-0.5268 , 6.4e-07
-0.5264 , 2.5e-05
-0.526 , 0.0001
-0.5256 , 0.000144
-0.5252 , 9.216e-05
-0.5248 , 2.304e-05
-0.5244 , 6.4e-07
-0.524 , 2.916e-05
-0.5236 , 8.836e-05
-0.5232 , 8.464e-05
-0.5228 , 5.776e-05
-0.5224 , 9e-06
-0.522 , 9e-06
-0.5216 , 7.396e-05
-0.5212 , 0.000121
-0.5208 , 0.00010816
-0.5204 , 3.844e-05
-0.52 , 4e-08
-0.5196 , 1.764e-05
-0.5192 , 6.4e-05
-0.5188 , 9.604e-05
-0.5184 , 8.836e-05
-0.518 , 2.304e-05
-0.5176 , 3.6e-07
-0.5172 , 4.624e-05
-0.5168 , 0.00011664
-0.5164 , 0.00013456
-0.516 , 6.76e-06
-0.5156 , 6.76e-06
-0.5152 , 4.84e-06
-0.5148 , 5.184e-05
-0.5144 , 8.836e-05
-0.514 , 8.1e-05
-0.5136 , 3.364e-05
-0.5132 , 1e-06
-0.5128 , 2.116e-05
-0.5124 , 8.836e-05
-0.512 , 0.00011236
-0.5116 , 7.056e-05
-0.5112 , 2.304e-05
-0.5108 , 1.6e-07
-0.5104 , 3.136e-05
-0.51 , 7.744e-05
-0.5096 , 0.00010404
-0.5092 , 6.084e-05
-0.5088 , 7.84e-06
-0.5084 , 4e-06
-0.508 , 6.4e-05
-0.5076 , 0.00011664
-0.5072 , 0.00011664
-0.5068 , 4.624e-05
-0.5064 , 4e-06
-0.506 , 1.024e-05
-0.5056 , 6.084e-05
-0.5052 , 8.1e-05
-0.5048 , 6.724e-05
-0.5044 , 1.764e-05
-0.504 , 3.6e-07
-0.5036 , 4.356e-05
-0.5032 , 0.00010816
-0.5028 , 0.00011664
-0.5024 , 7.744e-05
-0.502 , 1.024e-05
-0.5016 , 4.84e-06
-0.5012 , 4.9e-05
-0.5008 , 9.604e-05
-0.5004 , 8.1e-05
-0.5 , 4.624e-05
-0.4996 , 2.56e-06
-0.4992 , 1.6e-05
-0.4988 , 7.744e-05
-0.4984 , 0.00011236
-0.498 , 8.464e-05
-0.4976 , 5.184e-05
-0.4972 , 3.6e-07
-0.4968 , 2.5e-05
-0.4964 , 7.744e-05
-0.496 , 9.216e-05
-0.4956 , 5.476e-05
-0.4952 , 9e-06
-0.4948 , 6.76e-06
-0.4944 , 5.776e-05
-0.494 , 0.00011236
-0.4936 , 0.00010816
-0.4932 , 5.184e-05
-0.4928 , 3.24e-06
-0.4924 , 1.296e-05
-0.492 , 6.4e-05
-0.4916 , 0.0001
-0.4912 , 8.1e-05
-0.4908 , 2.5e-05
-0.4904 , 0.0
-0.49 , 3.136e-05
-0.4896 , 0.0001
-0.4892 , 0.00011664
-0.4888 , 6.724e-05
-0.4884 , 1.156e-05
-0.488 , 4.84e-06
-0.4876 , 3.844e-05
-0.4872 , 7.744e-05
-0.4868 , 8.1e-05
-0.4864 , 3.6e-05
-0.486 , 2.56e-06
-0.4856 , 1.6e-05
-0.4852 , 8.1e-05
-0.4848 , 0.00011236
-0.4844 , 8.836e-05
-0.484 , 2.916e-05
-0.4836 , 4e-08
-0.4832 , 2.304e-05
-0.4828 , 6.4e-05
-0.4824 , 7.744e-05
-0.482 , 6.4e-05
-0.4816 , 1.6e-05
-0.4812 , 1.6e-07
-0.4808 , 4.624e-05
-0.4804 , 9.216e-05
-0.48 , 9.604e-05
-0.4796 , 4.356e-05
-0.4792 , 3.24e-06
-0.4788 , 1.024e-05
-0.4784 , 5.184e-05
-0.478 , 8.464e-05
-0.4776 , 6.4e-05
-0.4772 , 2.704e-05
-0.4768 , 1.6e-07
-0.4764 , 3.136e-05
-0.476 , 9.216e-05
-0.4756 , 0.00012544
-0.4752 , 7.056e-05
-0.4748 , 1.6e-05
-0.4744 , 1e-06
-0.474 , 3.6e-05
-0.4736 , 7.744e-05
-0.4732 , 9.216e-05
-0.4728 , 4.624e-05
-0.4724 , 6.76e-06
-0.472 , 1.296e-05
-0.4716 , 7.056e-05
-0.4712 , 0.00011236
-0.4708 , 9.216e-05
-0.4704 , 2.916e-05
-0.47 , 3.6e-07
-0.4696 , 2.116e-05
-0.4692 , 6.4e-05
-0.4688 , 8.836e-05
-0.4684 , 6.4e-05
-0.468 , 1.764e-05
-0.4676 , 4e-06
-0.4672 , 4.624e-05
-0.4668 , 0.0001
-0.4664 , 0.00010816
-0.466 , 5.776e-05
-0.4656 , 4.84e-06
-0.4652 , 1.296e-05
-0.4648 , 4.624e-05
-0.4644 , 8.836e-05
-0.464 , 6.4e-05
-0.4636 , 3.136e-05
-0.4632 , 2.5e-05
-0.4628 , 2.5e-05
-0.4624 , 8.1e-05
-0.462 , 0.0001
-0.4616 , 6.4e-05
-0.4612 , 1.764e-05
-0.4608 , 4.84e-06
-0.4604 , 2.916e-05
-0.46 , 6.724e-05
-0.4596 , 7.056e-05
-0.4592 , 4.096e-05
-0.4588 , 2.56e-06
-0.4584 , 1.024e-05
-0.458 , 6.084e-05
-0.4576 , 8.464e-05
-0.4572 , 8.836e-05
-0.4568 , 2.916e-05
-0.4564 , 4e-08
-0.456 , 2.116e-05
-0.4556 , 5.184e-05
-0.4552 , 7.396e-05
-0.4548 , 5.184e-05
-0.4544 , 2.304e-05
-0.454 , 1e-06
-0.4536 , 3.6e-05
-0.4532 , 8.836e-05
-0.4528 , 0.00010404
-0.4524 , 5.184e-05
-0.452 , 6.76e-06
-0.4516 , 9e-06
-0.4512 , 5.476e-05
-0.4508 , 7.744e-05
-0.4504 , 7.056e-05
-0.45 , 2.704e-05
-0.4496 , 1.6e-07
-0.4492 , 2.304e-05
-0.4488 , 7.744e-05
-0.4484 , 8.464e-05
-0.448 , 7.396e-05
-0.4476 , 1.444e-05
-0.4472 , 1e-06
-0.4468 , 3.844e-05
-0.4464 , 6.4e-05
-0.446 , 8.1e-05
-0.4456 , 4.356e-05
-0.4452 , 7.84e-06
-0.4448 , 7.84e-06
-0.4444 , 5.476e-05
-0.444 , 0.0001
-0.4436 , 8.836e-05
-0.4432 , 3.844e-05
-0.4428 , 6.4e-07
-0.4424 , 1.764e-05
-0.442 , 5.184e-05
-0.4416 , 7.056e-05
-0.4412 , 4.9e-05
-0.4408 , 1.296e-05
-0.4404 , 2.56e-06
-0.44 , 3.844e-05
-0.4396 , 8.464e-05
-0.4392 , 9.604e-05
-0.4388 , 4.9e-05
-0.4384 , 5.76e-06
-0.438 , 4.84e-06
-0.4376 , 4.356e-05
-0.4372 , 7.744e-05
-0.4368 , 6.084e-05
-0.4364 , 3.364e-05
-0.436 , 1.44e-06
-0.4356 , 1.764e-05
-0.4352 , 7.056e-05
-0.4348 , 8.836e-05
-0.4344 , 7.744e-05
-0.434 , 1.936e-05
-0.4336 , 0.0
-0.4332 , 2.304e-05
-0.4328 , 5.776e-05
-0.4324 , 7.056e-05
-0.432 , 4.356e-05
-0.4316 , 1.156e-05
-0.4312 , 6.76e-06
-0.4308 , 5.184e-05
-0.4304 , 8.836e-05
-0.43 , 8.836e-05
-0.4296 , 4.096e-05
-0.4292 , 1.96e-06
-0.4288 , 1.296e-05
-0.4284 , 5.776e-05
-0.428 , 7.744e-05
-0.4276 , 6.084e-05
-0.4272 , 1.764e-05
-0.4268 , 6.4e-07
-0.4264 , 2.704e-05
-0.426 , 7.056e-05
-0.4256 , 9.216e-05
-0.4252 , 6.084e-05
-0.4248 , 9e-06
-0.4244 , 4e-06
-0.424 , 3.844e-05
-0.4236 , 6.724e-05
-0.4232 , 5.776e-05
-0.4228 , 2.5e-05
-0.4224 , 3.6e-07
-0.422 , 1.764e-05
-0.4216 , 6.4e-05
-0.4212 , 0.0001
-0.4208 , 8.464e-05
-0.4204 , 2.304e-05
-0.42 , 1.6e-07
-0.4196 , 2.304e-05
-0.4192 , 7.056e-05
-0.4188 , 8.836e-05
-0.4184 , 4.624e-05
-0.418 , 7.84e-06
-0.4176 , 3.24e-06
-0.4172 , 4.096e-05
-0.4168 , 9.216e-05
-0.4164 , 8.464e-05
-0.416 , 3.844e-05
-0.4156 , 2.56e-06
-0.4152 , 1.024e-05
-0.4148 , 5.184e-05
-0.4144 , 7.056e-05
-0.414 , 5.184e-05
-0.4136 , 1.444e-05
-0.4132 , 6.4e-07
-0.4128 , 3.364e-05
-0.4124 , 8.464e-05
-0.412 , 0.0001
-0.4116 , 5.776e-05
-0.4112 , 9e-06
-0.4108 , 2.56e-06
-0.4104 , 7.056e-05
-0.41 , 7.056e-05
-0.4096 , 7.396e-05
-0.4092 , 3.136e-05
-0.4088 , 1.44e-06
-0.4084 , 1.024e-05
-0.408 , 5.776e-05
-0.4076 , 9.216e-05
-0.4072 , 7.056e-05
-0.4068 , 2.304e-05
-0.4064 , 3.6e-07
-0.406 , 2.5e-05
-0.4056 , 6.4e-05
-0.4052 , 7.056e-05
-0.4048 , 3.6e-05
-0.4044 , 9e-06
-0.404 , 4e-06
-0.4036 , 4.356e-05
-0.4032 , 8.464e-05
-0.4028 , 0.00013456
-0.4024 , 4.096e-05
-0.402 , 1.96e-06
-0.4016 , 6.76e-06
-0.4012 , 4.624e-05
-0.4008 , 6.084e-05
-0.4004 , 5.476e-05
-0.4 , 1.6e-05
-0.3996 , 0.0
-0.3992 , 1.764e-05
-0.3988 , 6.4e-05
-0.3984 , 8.464e-05
-0.398 , 6.724e-05
-0.3976 , 9e-06
-0.3972 , 2.56e-06
-0.3968 , 2.704e-05
-0.3964 , 6.084e-05
-0.396 , 5.776e-05
-0.3956 , 2.916e-05
-0.3952 , 2.56e-06
-0.3948 , 1.024e-05
-0.3944 , 5.184e-05
-0.394 , 7.744e-05
-0.3936 , 7.396e-05
-0.3932 , 2.304e-05
-0.3928 , 6.4e-07
-0.3924 , 1.764e-05
-0.392 , 5.776e-05
-0.3916 , 6.724e-05
-0.3912 , 3.844e-05
-0.3908 , 1.024e-05
-0.3904 , 1.96e-06
-0.39 , 4.096e-05
-0.3896 , 8.1e-05
-0.3892 , 8.1e-05
-0.3888 , 4.624e-05
-0.3884 , 3.24e-06
-0.388 , 1.024e-05
-0.3876 , 3.844e-05
-0.3872 , 6.4e-05
-0.3868 , 4.9e-05
-0.3864 , 1.444e-05
-0.386 , 4e-08
-0.3856 , 2.304e-05
-0.3852 , 6.724e-05
-0.3848 , 8.1e-05
-0.3844 , 5.776e-05
-0.384 , 1.156e-05
-0.3836 , 2.56e-06
-0.3832 , 3.136e-05
-0.3828 , 6.4e-05
-0.3824 , 5.184e-05
-0.382 , 3.364e-05
-0.3816 , 2.56e-06
-0.3812 , 7.84e-06
-0.3808 , 4.624e-05
-0.3804 , 8.464e-05
-0.38 , 6.724e-05
-0.3796 , 2.304e-05
-0.3792 , 6.4e-07
-0.3788 , 1.6e-05
-0.3784 , 5.184e-05
-0.378 , 7.056e-05
-0.3776 , 4.096e-05
-0.3772 , 5.76e-06
-0.3768 , 4e-06
-0.3764 , 3.844e-05
-0.376 , 7.744e-05
-0.3756 , 8.464e-05
-0.3752 , 5.184e-05
-0.3748 , 4.84e-06
-0.3744 , 5.76e-06
-0.374 , 4.096e-05
-0.3736 , 7.056e-05
-0.3732 , 5.476e-05
-0.3728 , 1.936e-05
-0.3724 , 1.6e-07
-0.372 , 1.936e-05
-0.3716 , 6.084e-05
-0.3712 , 0.0001
-0.3708 , 5.184e-05
-0.3704 , 1.444e-05
-0.37 , 1.44e-06
-0.3696 , 2.304e-05
-0.3692 , 6.084e-05
-0.3688 , 5.476e-05
-0.3684 , 2.304e-05
-0.368 , 1.44e-06
-0.3676 , 1.024e-05
-0.3672 , 4.9e-05
-0.3668 , 8.464e-05
-0.3664 , 7.396e-05
-0.366 , 2.5e-05
-0.3656 , 1e-06
-0.3652 , 1.024e-05
-0.3648 , 4.096e-05
-0.3644 , 5.776e-05
-0.364 , 4.096e-05
-0.3636 , 9e-06
-0.3632 , 3.6e-07
-0.3628 , 2.5e-05
-0.3624 , 6.4e-05
-0.362 , 7.056e-05
-0.3616 , 4.096e-05
-0.3612 , 5.76e-06
-0.3608 , 5.76e-06
-0.3604 , 2.916e-05
-0.36 , 6.084e-05
-0.3596 , 5.776e-05
-0.3592 , 1.6e-05
-0.3588 , 0.0
-0.3584 , 1.764e-05
-0.358 , 5.776e-05
-0.3576 , 7.744e-05
-0.3572 , 5.776e-05
-0.3568 , 1.6e-05
-0.3564 , 3.6e-07
-0.356 , 2.116e-05
-0.3556 , 5.776e-05
-0.3552 , 5.476e-05
-0.3548 , 3.136e-05
-0.3544 , 3.24e-06
-0.354 , 5.76e-06
-0.3536 , 4.096e-05
-0.3532 , 6.724e-05
-0.3528 , 6.724e-05
-0.3524 , 2.704e-05
-0.352 , 6.4e-07
-0.3516 , 2.116e-05
-0.3512 , 4.624e-05
-0.3508 , 5.476e-05
-0.3504 , 3.6e-05
-0.35 , 6.76e-06
-0.3496 , 2.56e-06
-0.3492 , 3.136e-05
-0.3488 , 7.744e-05
-0.3484 , 7.396e-05
-0.348 , 4.624e-05
-0.3476 , 5.76e-06
-0.3472 , 4e-06
-0.3468 , 3.136e-05
-0.3464 , 6.4e-05
-0.346 , 4.624e-05
-0.3456 , 1.936e-05
-0.3452 , 6.4e-07
-0.3448 , 1.156e-05
-0.3444 , 5.184e-05
-0.344 , 8.1e-05
-0.3436 , 5.776e-05
-0.3432 , 1.444e-05
-0.3428 , 1.6e-07
-0.3424 , 1.936e-05
-0.342 , 4.9e-05
-0.3416 , 6.4e-05
-0.3412 , 3.6e-05
-0.3408 , 4.84e-06
-0.3404 , 5.76e-06
-0.34 , 4.624e-05
-0.3396 , 7.396e-05
-0.3392 , 7.744e-05
-0.3388 , 3.364e-05
-0.3384 , 6.4e-07
-0.338 , 1.296e-05
-0.3376 , 5.184e-05
-0.3372 , 6.4e-05
-0.3368 , 4.624e-05
-0.3364 , 7.84e-06
-0.336 , 6.4e-07
-0.3356 , 2.116e-05
-0.3352 , 5.476e-05
-0.3348 , 7.744e-05
-0.3344 , 3.364e-05
-0.334 , 6.76e-06
-0.3336 , 2.56e-06
-0.3332 , 2.704e-05
-0.3328 , 4.9e-05
-0.3324 , 4.356e-05
-0.332 , 1.6e-05
-0.3316 , 1.6e-07
-0.3312 , 1.296e-05
-0.3308 , 5.184e-05
-0.3304 , 7.056e-05
-0.33 , 5.776e-05
-0.3296 , 2.116e-05
-0.3292 , 0.0
-0.3288 , 1.764e-05
-0.3284 , 4.356e-05
-0.328 , 4.624e-05
-0.3276 , 3.136e-05
-0.3272 , 7.84e-06
-0.3268 , 5.76e-06
-0.3264 , 3.844e-05
-0.326 , 6.4e-05
-0.3256 , 6.724e-05
-0.3252 , 3.136e-05
-0.3248 , 6.4e-07
-0.3244 , 9e-06
-0.324 , 3.844e-05
-0.3236 , 5.476e-05
-0.3232 , 3.844e-05
-0.3228 , 1.296e-05
-0.3224 , 6.4e-07
-0.322 , 2.304e-05
-0.3216 , 5.476e-05
-0.3212 , 7.744e-05
-0.3208 , 4.624e-05
-0.3204 , 7.84e-06
-0.32 , 3.6e-07
-0.3196 , 2.704e-05
-0.3192 , 5.476e-05
-0.3188 , 5.776e-05
-0.3184 , 1.936e-05
-0.318 , 1e-06
-0.3176 , 1.296e-05
-0.3172 , 4.9e-05
-0.3168 , 7.056e-05
-0.3164 , 5.776e-05
-0.316 , 1.936e-05
-0.3156 , 0.0
-0.3152 , 1.6e-05
-0.3148 , 4.096e-05
-0.3144 , 4.624e-05
-0.314 , 2.916e-05
-0.3136 , 4e-06
-0.3132 , 4.84e-06
-0.3128 , 3.364e-05
-0.3124 , 6.084e-05
-0.312 , 6.724e-05
-0.3116 , 3.364e-05
-0.3112 , 2.56e-06
-0.3108 , 1.024e-05
-0.3104 , 3.364e-05
-0.31 , 5.776e-05
-0.3096 , 3.844e-05
-0.3092 , 1.024e-05
-0.3088 , 1.6e-07
-0.3084 , 2.116e-05
-0.308 , 4.624e-05
-0.3076 , 6.724e-05
-0.3072 , 4.356e-05
-0.3068 , 9e-06
-0.3064 , 1.96e-06
-0.306 , 2.704e-05
-0.3056 , 4.9e-05
-0.3052 , 4.624e-05
-0.3048 , 1.936e-05
-0.3044 , 1e-06
-0.304 , 1.024e-05
-0.3036 , 4.356e-05
-0.3032 , 6.4e-05
-0.3028 , 5.476e-05
-0.3024 , 2.304e-05
-0.302 , 4e-08
-0.3016 , 1.444e-05
-0.3012 , 3.844e-05
-0.3008 , 4.356e-05
-0.3004 , 2.916e-05
-0.3 , 4.84e-06
-0.2996 , 2.116e-05
-0.2992 , 2.116e-05
-0.2988 , 5.776e-05
-0.2984 , 5.184e-05
-0.298 , 3.136e-05
-0.2976 , 4e-06
-0.2972 , 5.76e-06
-0.2968 , 3.364e-05
-0.2964 , 4.096e-05
-0.296 , 3.844e-05
-0.2956 , 1.024e-05
-0.2952 , 1.6e-07
-0.2948 , 1.936e-05
-0.2944 , 5.476e-05
-0.294 , 7.056e-05
-0.2936 , 4.624e-05
-0.2932 , 9e-06
-0.2928 , 1.96e-06
-0.2924 , 2.304e-05
-0.292 , 4.624e-05
-0.2916 , 4.096e-05
-0.2912 , 2.116e-05
-0.2908 , 1.44e-06
-0.2904 , 7.84e-06
-0.29 , 4.356e-05
-0.2896 , 6.724e-05
-0.2892 , 5.476e-05
-0.2888 , 2.304e-05
-0.2884 , 6.4e-07
-0.288 , 1.296e-05
-0.2876 , 3.844e-05
-0.2872 , 5.184e-05
-0.2868 , 2.916e-05
-0.2864 , 5.76e-06
-0.286 , 3.24e-06
-0.2856 , 2.5e-05
-0.2852 , 5.184e-05
-0.2848 , 5.476e-05
-0.2844 , 3.136e-05
-0.284 , 4e-06
-0.2836 , 4e-06
-0.2832 , 2.916e-05
-0.2828 , 4.624e-05
-0.2824 , 4.096e-05
-0.282 , 1.296e-05
-0.2816 , 0.0
-0.2812 , 1.6e-05
-0.2808 , 4.624e-05
-0.2804 , 5.776e-05
-0.28 , 4.624e-05
-0.2796 , 1.296e-05
-0.2792 , 0.0
-0.2788 , 1.936e-05
-0.2784 , 4.356e-05
-0.278 , 5.184e-05
-0.2776 , 2.5e-05
-0.2772 , 1.44e-06
-0.2768 , 1.024e-05
-0.2764 , 4.356e-05
-0.276 , 6.724e-05
-0.2756 , 4.9e-05
-0.2752 , 1.936e-05
-0.2748 , 4e-08
-0.2744 , 1.024e-05
-0.274 , 3.6e-05
-0.2736 , 4.9e-05
-0.2732 , 2.916e-05
-0.2728 , 4.84e-06
-0.2724 , 1e-06
-0.272 , 2.116e-05
-0.2716 , 4.356e-05
-0.2712 , 5.476e-05
-0.2708 , 3.6e-05
-0.2704 , 2.56e-06
-0.27 , 2.56e-06
-0.2696 , 2.5e-05
-0.2692 , 4.624e-05
-0.2688 , 3.364e-05
-0.2684 , 7.84e-06
-0.268 , 1.6e-07
-0.2676 , 1.444e-05
-0.2672 , 4.9e-05
-0.2668 , 5.776e-05
-0.2664 , 4.096e-05
-0.266 , 1.024e-05
-0.2656 , 3.6e-07
-0.2652 , 1.444e-05
-0.2648 , 4.096e-05
-0.2644 , 4.096e-05
-0.264 , 1.936e-05
-0.2636 , 2.56e-06
-0.2632 , 4.84e-06
-0.2628 , 3.136e-05
-0.2624 , 5.476e-05
-0.262 , 4.356e-05
-0.2616 , 2.304e-05
-0.2612 , 6.4e-07
-0.2608 , 9e-06
-0.2604 , 3.6e-05
-0.26 , 4.624e-05
-0.2596 , 3.136e-05
-0.2592 , 3.24e-06
-0.2588 , 1.96e-06
-0.2584 , 2.116e-05
-0.258 , 4.9e-05
-0.2576 , 5.476e-05
-0.2572 , 3.136e-05
-0.2568 , 4e-06
-0.2564 , 2.56e-06
-0.256 , 2.5e-05
-0.2556 , 5.184e-05
-0.2552 , 3.6e-05
-0.2548 , 1.156e-05
-0.2544 , 4e-08
-0.254 , 1.444e-05
-0.2536 , 4.096e-05
-0.2532 , 5.776e-05
-0.2528 , 4.624e-05
-0.2524 , 1.024e-05
-0.252 , 3.6e-07
-0.2516 , 1.296e-05
-0.2512 , 4.356e-05
-0.2508 , 3.6e-05
-0.2504 , 1.936e-05
-0.25 , 1.44e-06
-0.2496 , 4e-06
-0.2492 , 3.364e-05
-0.2488 , 5.776e-05
-0.2484 , 5.184e-05
-0.248 , 2.304e-05
-0.2476 , 3.6e-07
-0.2472 , 9e-06
-0.2468 , 3.364e-05
-0.2464 , 4.356e-05
-0.246 , 2.916e-05
-0.2456 , 1e-06
-0.2452 , 1e-06
-0.2448 , 2.116e-05
-0.2444 , 4.356e-05
-0.244 , 5.476e-05
-0.2436 , 2.916e-05
-0.2432 , 7.84e-06
-0.2428 , 2.56e-06
-0.2424 , 2.5e-05
-0.242 , 4.624e-05
-0.2416 , 3.364e-05
-0.2412 , 1.156e-05
-0.2408 , 4e-08
-0.2404 , 1.296e-05
-0.24 , 3.364e-05
-0.2396 , 5.184e-05
-0.2392 , 4.096e-05
-0.2388 , 1.444e-05
-0.2384 , 4e-08
-0.238 , 1.6e-05
-0.2376 , 3.6e-05
-0.2372 , 4.356e-05
-0.2368 , 2.116e-05
-0.2364 , 1.44e-06
-0.236 , 4e-06
-0.2356 , 2.304e-05
-0.2352 , 5.184e-05
-0.2348 , 4.9e-05
-0.2344 , 2.116e-05
-0.234 , 1e-06
-0.2336 , 7.84e-06
-0.2332 , 2.704e-05
-0.2328 , 3.844e-05
-0.2324 , 2.704e-05
-0.232 , 6.76e-06
-0.2316 , 1e-06
-0.2312 , 1.936e-05
-0.2308 , 4.624e-05
-0.2304 , 4.624e-05
-0.23 , 3.136e-05
-0.2296 , 5.76e-06
-0.2292 , 2.56e-06
-0.2288 , 2.304e-05
-0.2284 , 3.844e-05
-0.228 , 3.6e-05
-0.2276 , 1.296e-05
-0.2272 , 3.6e-07
-0.2268 , 7.84e-06
-0.2264 , 3.844e-05
-0.226 , 5.184e-05
-0.2256 , 3.844e-05
-0.2252 , 1.444e-05
-0.2248 , 4e-08
-0.2244 , 1.156e-05
-0.224 , 3.844e-05
-0.2236 , 4.096e-05
-0.2232 , 2.304e-05
-0.2228 , 1.44e-06
-0.2224 , 4e-06
-0.222 , 2.704e-05
-0.2216 , 5.184e-05
-0.2212 , 4.9e-05
-0.2208 , 2.304e-05
-0.2204 , 1.96e-06
-0.22 , 4.84e-06
-0.2196 , 2.916e-05
-0.2192 , 3.6e-05
-0.2188 , 2.704e-05
-0.2184 , 1.024e-05
-0.218 , 6.4e-07
-0.2176 , 1.6e-05
-0.2172 , 4.096e-05
-0.2168 , 5.476e-05
-0.2164 , 3.364e-05
-0.216 , 1.024e-05
-0.2156 , 1e-06
-0.2152 , 1.764e-05
-0.2148 , 4.624e-05
-0.2144 , 3.364e-05
-0.214 , 1.296e-05
-0.2136 , 0.0
-0.2132 , 9e-06
-0.2128 , 3.6e-05
-0.2124 , 4.9e-05
-0.212 , 4.356e-05
-0.2116 , 1.024e-05
-0.2112 , 4e-08
-0.2108 , 1.024e-05
-0.2104 , 3.6e-05
-0.21 , 3.6e-05
-0.2096 , 2.116e-05
-0.2092 , 2.56e-06
-0.2088 , 2.56e-06
-0.2084 , 2.116e-05
-0.208 , 4.624e-05
-0.2076 , 4.096e-05
-0.2072 , 2.304e-05
-0.2068 , 2.56e-06
-0.2064 , 4e-06
-0.206 , 2.704e-05
-0.2056 , 3.844e-05
-0.2052 , 2.704e-05
-0.2048 , 6.76e-06
-0.2044 , 3.6e-07
-0.204 , 2.116e-05
-0.2036 , 3.6e-05
-0.2032 , 5.476e-05
-0.2028 , 2.916e-05
-0.2024 , 4.84e-06
-0.202 , 1.44e-06
-0.2016 , 1.6e-05
-0.2012 , 3.364e-05
-0.2008 , 3.364e-05
-0.2004 , 1.6e-05
-0.2 , 1.6e-07
-0.1996 , 6.76e-06
-0.1992 , 3.364e-05
-0.1988 , 4.624e-05
-0.1984 , 3.6e-05
-0.198 , 1.936e-05
-0.1976 , 4e-08
-0.1972 , 1.024e-05
-0.1968 , 2.916e-05
-0.1964 , 3.844e-05
-0.196 , 1.936e-05
-0.1956 , 2.56e-06
-0.1952 , 3.24e-06
-0.1948 , 2.704e-05
-0.1944 , 4.9e-05
-0.194 , 4.356e-05
-0.1936 , 2.304e-05
-0.1932 , 1.96e-06
-0.1928 , 4e-06
-0.1924 , 2.704e-05
-0.192 , 3.136e-05
-0.1916 , 3.136e-05
-0.1912 , 7.84e-06
-0.1908 , 1e-06
-0.1904 , 1.6e-05
-0.19 , 4.096e-05
-0.1896 , 4.096e-05
-0.1892 , 3.136e-05
-0.1888 , 7.84e-06
-0.1884 , 1e-06
-0.188 , 1.296e-05
-0.1876 , 3.136e-05
-0.1872 , 3.136e-05
-0.1868 , 1.444e-05
-0.1864 , 0.0
-0.186 , 1.024e-05
-0.1856 , 3.136e-05
-0.1852 , 4.096e-05
-0.1848 , 4.096e-05
-0.1844 , 1.6e-05
-0.184 , 1.6e-07
-0.1836 , 6.76e-06
-0.1832 , 2.704e-05
-0.1828 , 3.364e-05
-0.1824 , 2.116e-05
-0.182 , 4e-06
-0.1816 , 2.56e-06
-0.1812 , 2.916e-05
-0.1808 , 3.844e-05
-0.1804 , 4.096e-05
-0.18 , 2.5e-05
-0.1796 , 4e-06
-0.1792 , 4.84e-06
-0.1788 , 2.116e-05
-0.1784 , 3.364e-05
-0.178 , 3.136e-05
-0.1776 , 7.84e-06
-0.1772 , 4e-08
-0.1768 , 1.764e-05
-0.1764 , 3.6e-05
-0.176 , 4.096e-05
-0.1756 , 3.136e-05
-0.1752 , 6.76e-06
-0.1748 , 1.6e-07
-0.1744 , 1.6e-05
-0.174 , 3.6e-05
-0.1736 , 2.916e-05
-0.1732 , 2.304e-05
-0.1728 , 1e-06
-0.1724 , 6.76e-06
-0.172 , 2.916e-05
-0.1716 , 4.624e-05
-0.1712 , 3.6e-05
-0.1708 , 1.936e-05
-0.1704 , 6.4e-07
-0.17 , 7.84e-06
-0.1696 , 2.704e-05
-0.1692 , 3.364e-05
-0.1688 , 2.116e-05
-0.1684 , 4e-06
-0.168 , 1.96e-06
-0.1676 , 1.936e-05
-0.1672 , 3.844e-05
-0.1668 , 4.356e-05
-0.1664 , 2.5e-05
-0.166 , 3.24e-06
-0.1656 , 3.24e-06
-0.1652 , 2.304e-05
-0.1648 , 3.136e-05
-0.1644 , 2.704e-05
-0.164 , 1.024e-05
-0.1636 , 0.0
-0.1632 , 1.296e-05
-0.1628 , 3.136e-05
-0.1624 , 4.624e-05
-0.162 , 3.136e-05
-0.1616 , 7.84e-06
-0.1612 , 1.6e-07
-0.1608 , 1.6e-05
-0.1604 , 3.136e-05
-0.16 , 3.364e-05
-0.1596 , 1.6e-05
-0.1592 , 6.4e-07
-0.1588 , 6.76e-06
-0.1584 , 2.704e-05
-0.158 , 4.624e-05
-0.1576 , 4.356e-05
-0.1572 , 1.764e-05
-0.1568 , 1e-06
-0.1564 , 1.024e-05
-0.156 , 2.704e-05
-0.1556 , 3.136e-05
-0.1552 , 1.764e-05
-0.1548 , 4e-06
-0.1544 , 1.44e-06
-0.154 , 1.936e-05
-0.1536 , 4.624e-05
-0.1532 , 4.356e-05
-0.1528 , 1.936e-05
-0.1524 , 4.84e-06
-0.152 , 1.96e-06
-0.1516 , 2.116e-05
-0.1512 , 3.136e-05
-0.1508 , 2.916e-05
-0.1504 , 7.84e-06
-0.15 , 0.0
-0.1496 , 1.024e-05
-0.1492 , 3.844e-05
-0.1488 , 4.624e-05
-0.1484 , 3.136e-05
-0.148 , 9e-06
-0.1476 , 1.6e-07
-0.1472 , 1.296e-05
-0.1468 , 2.916e-05
-0.1464 , 2.916e-05
-0.146 , 1.6e-05
-0.1456 , 6.4e-07
-0.1452 , 1.156e-05
-0.1448 , 2.704e-05
-0.1444 , 4.096e-05
-0.144 , 3.6e-05
-0.1436 , 1.6e-05
-0.1432 , 3.6e-07
-0.1428 , 5.76e-06
-0.1424 , 2.304e-05
-0.142 , 3.136e-05
-0.1416 , 2.304e-05
-0.1412 , 3.24e-06
-0.1408 , 1e-06
-0.1404 , 2.116e-05
-0.14 , 3.844e-05
-0.1396 , 4.9e-05
-0.1392 , 3.136e-05
-0.1388 , 3.24e-06
-0.1384 , 1.44e-06
-0.138 , 3.364e-05
-0.1376 , 3.364e-05
-0.1372 , 3.136e-05
-0.1368 , 1.296e-05
-0.1364 , 1.6e-07
-0.136 , 1.024e-05
-0.1356 , 3.136e-05
-0.1352 , 4.096e-05
-0.1348 , 2.916e-05
-0.1344 , 9e-06
-0.134 , 1.6e-07
-0.1336 , 1.156e-05
-0.1332 , 2.5e-05
-0.1328 , 3.136e-05
-0.1324 , 1.444e-05
-0.132 , 6.4e-07
-0.1316 , 3.24e-06
-0.1312 , 2.916e-05
-0.1308 , 4.624e-05
-0.1304 , 3.136e-05
-0.13 , 1.444e-05
-0.1296 , 1.6e-07
-0.1292 , 4e-06
-0.1288 , 2.704e-05
-0.1284 , 3.6e-05
-0.128 , 2.5e-05
-0.1276 , 5.76e-06
-0.1272 , 2.56e-06
-0.1268 , 1.296e-05
-0.1264 , 4.096e-05
-0.126 , 3.844e-05
-0.1256 , 2.304e-05
-0.1252 , 4.84e-06
-0.1248 , 4e-06
-0.1244 , 1.6e-05
-0.124 , 3.136e-05
-0.1236 , 3.364e-05
-0.1232 , 1.024e-05
-0.1228 , 0.0
-0.1224 , 1.296e-05
-0.122 , 3.6e-05
-0.1216 , 4.9e-05
-0.1212 , 2.916e-05
-0.1208 , 1.024e-05
-0.1204 , 1.6e-07
-0.12 , 1.024e-05
-0.1196 , 2.704e-05
-0.1192 , 3.364e-05
-0.1188 , 1.444e-05
-0.1184 , 1e-06
-0.118 , 3.24e-06
-0.1176 , 2.704e-05
-0.1172 , 3.844e-05
-0.1168 , 3.364e-05
-0.1164 , 1.6e-05
-0.116 , 1.44e-06
-0.1156 , 4e-06
-0.1152 , 1.936e-05
-0.1148 , 3.6e-05
-0.1144 , 2.304e-05
-0.114 , 5.76e-06
-0.1136 , 1e-06
-0.1132 , 1.936e-05
-0.1128 , 4.356e-05
-0.1124 , 3.6e-05
-0.112 , 2.704e-05
-0.1116 , 4e-06
-0.1112 , 1e-06
-0.1108 , 1.6e-05
-0.1104 , 3.844e-05
-0.11 , 2.704e-05
-0.1096 , 1.296e-05
-0.1092 , 1.6e-07
-0.1088 , 9e-06
-0.1084 , 2.5e-05
-0.108 , 3.6e-05
-0.1076 , 3.136e-05
-0.1072 , 1.024e-05
-0.1068 , 1.6e-07
-0.1064 , 9e-06
-0.106 , 2.5e-05
-0.1056 , 3.6e-05
-0.1052 , 2.304e-05
-0.1048 , 2.56e-06
-0.1044 , 4.84e-06
-0.104 , 2.116e-05
-0.1036 , 3.844e-05
-0.1032 , 3.6e-05
-0.1028 , 1.6e-05
-0.1024 , 1.44e-06
-0.102 , 3.24e-06
-0.1016 , 1.6e-05
-0.1012 , 2.704e-05
-0.1008 , 2.5e-05
-0.1004 , 6.76e-06
-0.1 , 1e-06
-0.0996 , 1.6e-05
-0.0992 , 2.704e-05
-0.0988 , 3.844e-05
-0.0984 , 2.304e-05
-0.098 , 9e-06
-0.0976 , 1e-06
-0.0972 , 1.024e-05
-0.0968 , 2.704e-05
-0.0964 , 2.5e-05
-0.096 , 1.296e-05
-0.0956 , 4e-08
-0.0952 , 1.024e-05
-0.0948 , 3.364e-05
-0.0944 , 3.6e-05
-0.094 , 2.916e-05
-0.0936 , 1.024e-05
-0.0932 , 4e-08
-0.0928 , 7.84e-06
-0.0924 , 2.704e-05
-0.092 , 3.364e-05
-0.0916 , 1.936e-05
-0.0912 , 1.44e-06
-0.0908 , 3.24e-06
-0.0904 , 2.704e-05
-0.09 , 3.844e-05
-0.0896 , 3.844e-05
-0.0892 , 1.764e-05
-0.0888 , 1.96e-06
-0.0884 , 2.56e-06
-0.088 , 1.764e-05
-0.0876 , 3.136e-05
-0.0872 , 2.5e-05
-0.0868 , 7.84e-06
-0.0864 , 1e-06
-0.086 , 1.444e-05
-0.0856 , 3.364e-05
-0.0852 , 4.356e-05
-0.0848 , 3.364e-05
-0.0844 , 7.84e-06
-0.084 , 3.6e-07
-0.0836 , 3.136e-05
-0.0832 , 3.136e-05
-0.0828 , 3.364e-05
-0.0824 , 1.296e-05
-0.082 , 6.4e-07
-0.0816 , 7.84e-06
-0.0812 , 2.704e-05
-0.0808 , 4.356e-05
-0.0804 , 3.136e-05
-0.08 , 1.296e-05
-0.0796 , 1.6e-07
-0.0792 , 1.024e-05
-0.0788 , 2.304e-05
-0.0784 , 3.136e-05
-0.078 , 1.6e-05
-0.0776 , 2.56e-06
-0.0772 , 4e-06
-0.0768 , 2.304e-05
-0.0764 , 3.844e-05
-0.076 , 3.136e-05
-0.0756 , 1.764e-05
-0.0752 , 2.56e-06
-0.0748 , 1.96e-06
-0.0744 , 2.116e-05
-0.074 , 2.704e-05
-0.0736 , 3.136e-05
-0.0732 , 6.76e-06
-0.0728 , 4e-08
-0.0724 , 1.156e-05
-0.072 , 2.916e-05
-0.0716 , 3.844e-05
-0.0712 , 2.704e-05
-0.0708 , 9e-06
-0.0704 , 6.4e-07
-0.07 , 1.444e-05
-0.0696 , 3.136e-05
-0.0692 , 2.916e-05
-0.0688 , 1.296e-05
-0.0684 , 3.6e-07
-0.068 , 7.84e-06
-0.0676 , 2.916e-05
-0.0672 , 4.624e-05
-0.0668 , 3.364e-05
-0.0664 , 1.296e-05
-0.066 , 3.6e-07
-0.0656 , 7.84e-06
-0.0652 , 2.304e-05
-0.0648 , 3.364e-05
-0.0644 , 2.116e-05
-0.064 , 1.44e-06
-0.0636 , 3.24e-06
-0.0632 , 1.936e-05
-0.0628 , 3.6e-05
-0.0624 , 3.844e-05
-0.062 , 2.116e-05
-0.0616 , 2.56e-06
-0.0612 , 3.24e-06
-0.0608 , 1.444e-05
-0.0604 , 2.704e-05
-0.06 , 2.304e-05
-0.0596 , 5.76e-06
-0.0592 , 6.4e-07
-0.0588 , 7.84e-06
-0.0584 , 3.136e-05
-0.058 , 3.6e-05
-0.0576 , 2.304e-05
-0.0572 , 9e-06
-0.0568 , 6.4e-07
-0.0564 , 1.296e-05
-0.056 , 1.764e-05
-0.0556 , 2.704e-05
-0.0552 , 1.296e-05
-0.0548 , 6.4e-07
-0.0544 , 6.76e-06
-0.054 , 2.5e-05
-0.0536 , 4.096e-05
-0.0532 , 3.6e-05
-0.0528 , 1.296e-05
-0.0524 , 3.6e-07
-0.052 , 4.84e-06
-0.0516 , 2.5e-05
-0.0512 , 3.364e-05
-0.0508 , 2.116e-05
-0.0504 , 4.84e-06
-0.05 , 1e-06
-0.0496 , 1.936e-05
-0.0492 , 4.096e-05
-0.0488 , 3.844e-05
-0.0484 , 2.116e-05
-0.048 , 4.84e-06
-0.0476 , 4e-06
-0.0472 , 1.96e-06
-0.0468 , 3.136e-05
-0.0464 , 2.5e-05
-0.046 , 1.024e-05
-0.0456 , 4e-08
-0.0452 , 1.156e-05
-0.0448 , 3.136e-05
-0.0444 , 3.844e-05
-0.044 , 2.704e-05
-0.0436 , 7.84e-06
-0.0432 , 1.6e-07
-0.0428 , 1.024e-05
-0.0424 , 2.916e-05
-0.042 , 3.136e-05
-0.0416 , 1.024e-05
-0.0412 , 1.44e-06
-0.0408 , 4.84e-06
-0.0404 , 2.304e-05
-0.04 , 4.356e-05
-0.0396 , 3.6e-05
-0.0392 , 1.296e-05
-0.0388 , 1.44e-06
-0.0384 , 2.56e-06
-0.038 , 2.304e-05
-0.0376 , 3.136e-05
-0.0372 , 2.704e-05
-0.0368 , 5.76e-06
-0.0364 , 6.4e-07
-0.036 , 1.764e-05
-0.0356 , 4.096e-05
-0.0352 , 3.844e-05
-0.0348 , 1.936e-05
-0.0344 , 4e-06
-0.034 , 1e-06
-0.0336 , 1.936e-05
-0.0332 , 3.136e-05
-0.0328 , 2.704e-05
-0.0324 , 1.156e-05
-0.032 , 1.6e-07
-0.0316 , 7.84e-06
-0.0312 , 3.6e-05
-0.0308 , 4.624e-05
-0.0304 , 2.5e-05
-0.03 , 1.024e-05
-0.0296 , 4e-08
-0.0292 , 1.024e-05
-0.0288 , 2.704e-05
-0.0284 , 2.704e-05
-0.028 , 1.444e-05
-0.0276 , 1.96e-06
-0.0272 , 4.84e-06
-0.0268 , 2.704e-05
-0.0264 , 3.364e-05
-0.026 , 3.6e-05
-0.0256 , 1.296e-05
-0.0252 , 6.4e-07
-0.0248 , 2.56e-06
-0.0244 , 2.116e-05
-0.024 , 2.704e-05
-0.0236 , 1.764e-05
-0.0232 , 4.84e-06
-0.0228 , 1e-06
-0.0224 , 1.936e-05
-0.022 , 3.6e-05
-0.0216 , 4.096e-05
-0.0212 , 2.304e-05
-0.0208 , 4.84e-06
-0.0204 , 1.96e-06
-0.02 , 1.296e-05
-0.0196 , 2.704e-05
-0.0192 , 2.916e-05
-0.0188 , 1.6e-05
-0.0184 , 0.0
-0.018 , 9e-06
-0.0176 , 3.364e-05
-0.0172 , 4.356e-05
-0.0168 , 2.916e-05
-0.0164 , 1.296e-05
-0.016 , 0.0
-0.0156 , 1.96e-06
-0.0152 , 2.5e-05
-0.0148 , 3.364e-05
-0.0144 , 1.6e-05
-0.014 , 1.96e-06
-0.0136 , 3.24e-06
-0.0132 , 2.304e-05
-0.0128 , 4.356e-05
-0.0124 , 3.6e-05
-0.012 , 1.6e-05
-0.0116 , 1e-06
-0.0112 , 4e-06
-0.0108 , 1.6e-05
-0.0104 , 3.136e-05
-0.01 , 2.304e-05
-0.0096 , 7.84e-06
-0.0092 , 1.6e-07
-0.0088 , 1.6e-05
-0.0084 , 3.364e-05
-0.008 , 3.6e-05
-0.0076 , 1.936e-05
-0.0072 , 5.76e-06
-0.0068 , 6.4e-07
-0.0064 , 1.156e-05
-0.006 , 2.5e-05
-0.0056 , 2.5e-05
-0.0052 , 1.024e-05
-0.0048 , 1.6e-07
-0.0044 , 6.76e-06
-0.004 , 2.704e-05
-0.0036 , 4.356e-05
-0.0032 , 3.136e-05
-0.0028 , 5.76e-06
-0.0024 , 4e-08
-0.002 , 5.76e-06
-0.0016 , 2.5e-05
-0.0012 , 3.364e-05
-0.0008 , 1.764e-05
-0.0004 , 6.76e-06
0.0 , 4e-06
0.0004 , 2.304e-05
0.0008 , 3.6e-05
0.0012 , 4.356e-05
0.0016 , 1.6e-05
0.002 , 1.44e-06
0.0024 , 1.96e-06
0.0028 , 1.936e-05
0.0032 , 2.916e-05
0.0036 , 2.116e-05
0.004 , 5.76e-06
0.0044 , 6.4e-07
0.0048 , 1.6e-05
0.0052 , 3.136e-05
0.0056 , 4.096e-05
0.006 , 2.304e-05
0.0064 , 7.84e-06
0.0068 , 1.6e-07
0.0072 , 1.444e-05
0.0076 , 3.136e-05
0.008 , 2.704e-05
0.0084 , 1.6e-05
0.0088 , 1.44e-06
0.0092 , 7.84e-06
0.0096 , 2.304e-05
0.01 , 5.776e-05
0.0104 , 3.364e-05
0.0108 , 9e-06
0.0112 , 6.4e-07
0.0116 , 6.76e-06
0.012 , 2.304e-05
0.0124 , 3.6e-05
0.0128 , 1.936e-05
0.0132 , 2.56e-06
0.0136 , 2.56e-06
0.014 , 1.936e-05
0.0144 , 3.844e-05
0.0148 , 3.6e-05
0.0152 , 1.764e-05
0.0156 , 1.44e-06
0.016 , 2.56e-06
0.0164 , 1.936e-05
0.0168 , 2.916e-05
0.0172 , 2.5e-05
0.0176 , 7.84e-06
0.018 , 4e-08
0.0184 , 1.296e-05
0.0188 , 2.916e-05
0.0192 , 4.096e-05
0.0196 , 2.304e-05
0.02 , 5.76e-06
0.0204 , 1.6e-07
0.0208 , 1.024e-05
0.0212 , 2.5e-05
0.0216 , 2.916e-05
0.022 , 7.84e-06
0.0224 , 3.6e-07
0.0228 , 6.76e-06
0.0232 , 3.6e-05
0.0236 , 3.6e-05
0.024 , 4.096e-05
0.0244 , 1.6e-05
0.0248 , 6.4e-07
0.0252 , 5.76e-06
0.0256 , 2.5e-05
0.026 , 2.916e-05
0.0264 , 1.936e-05
0.0268 , 2.56e-06
0.0272 , 1.44e-06
0.0276 , 1.6e-05
0.028 , 3.6e-05
0.0284 , 4.624e-05
0.0288 , 1.936e-05
0.0292 , 2.56e-06
0.0296 , 1.96e-06
0.03 , 1.936e-05
0.0304 , 3.136e-05
0.0308 , 3.364e-05
0.0312 , 7.84e-06
0.0316 , 6.4e-07
0.032 , 1.444e-05
0.0324 , 3.6e-05
0.0328 , 3.844e-05
0.0332 , 2.916e-05
0.0336 , 7.84e-06
0.034 , 1e-06
0.0344 , 1.024e-05
0.0348 , 2.704e-05
0.0352 , 2.916e-05
0.0356 , 1.296e-05
0.036 , 1.44e-06
0.0364 , 6.76e-06
0.0368 , 2.704e-05
0.0372 , 3.844e-05
0.0376 , 3.844e-05
0.038 , 1.296e-05
0.0384 , 1.6e-07
0.0388 , 4e-06
0.0392 , 2.116e-05
0.0396 , 2.704e-05
0.04 , 1.6e-05
0.0404 , 4e-06
0.0408 , 1.96e-06
0.0412 , 1.6e-05
0.0416 , 3.6e-05
0.042 , 4.096e-05
0.0424 , 2.5e-05
0.0428 , 2.56e-06
0.0432 , 2.56e-06
0.0436 , 2.116e-05
0.044 , 3.136e-05
0.0444 , 3.364e-05
0.0448 , 1.024e-05
0.0452 , 0.0
0.0456 , 1.296e-05
0.046 , 3.136e-05
0.0464 , 3.844e-05
0.0468 , 2.304e-05
0.0472 , 7.84e-06
0.0476 , 4e-08
0.048 , 9e-06
0.0484 , 2.916e-05
0.0488 , 3.364e-05
0.0492 , 1.296e-05
0.0496 , 1.44e-06
0.05 , 4.84e-06
0.0504 , 2.304e-05
0.0508 , 4.356e-05
0.0512 , 3.136e-05
0.0516 , 1.156e-05
0.052 , 3.6e-07
0.0524 , 1.444e-05
0.0528 , 1.764e-05
0.0532 , 3.136e-05
0.0536 , 2.704e-05
0.054 , 5.76e-06
0.0544 , 2.56e-06
0.0548 , 1.296e-05
0.0552 , 3.6e-05
0.0556 , 3.364e-05
0.056 , 2.304e-05
0.0564 , 3.24e-06
0.0568 , 1.44e-06
0.0572 , 4e-06
0.0576 , 3.136e-05
0.058 , 2.5e-05
0.0584 , 9e-06
0.0588 , 3.6e-07
0.0592 , 7.84e-06
0.0596 , 3.136e-05
0.06 , 4.356e-05
0.0604 , 3.364e-05
0.0608 , 7.84e-06
0.0612 , 1.6e-07
0.0616 , 1.024e-05
0.062 , 2.704e-05
0.0624 , 2.704e-05
0.0628 , 1.936e-05
0.0632 , 2.56e-06
0.0636 , 5.76e-06
0.064 , 1.936e-05
0.0644 , 3.844e-05
0.0648 , 2.916e-05
0.0652 , 1.6e-05
0.0656 , 6.4e-07
0.066 , 5.76e-06
0.0664 , 2.116e-05
0.0668 , 2.916e-05
0.0672 , 1.6e-05
0.0676 , 5.76e-06
0.068 , 1.6e-07
0.0684 , 1.296e-05
0.0688 , 3.6e-05
0.0692 , 4.356e-05
0.0696 , 2.304e-05
0.07 , 4e-06
0.0704 , 1.6e-07
0.0708 , 1.296e-05
0.0712 , 1.936e-05
0.0716 , 2.704e-05
0.072 , 1.156e-05
0.0724 , 1.6e-07
0.0728 , 6.76e-06
0.0732 , 2.704e-05
0.0736 , 4.356e-05
0.074 , 3.136e-05
0.0744 , 1.024e-05
0.0748 , 6.4e-07
0.0752 , 6.76e-06
0.0756 , 2.704e-05
0.076 , 2.5e-05
0.0764 , 1.6e-05
0.0768 , 1.44e-06
0.0772 , 4e-06
0.0776 , 2.5e-05
0.078 , 4.356e-05
0.0784 , 3.6e-05
0.0788 , 1.764e-05
0.0792 , 1.6e-07
0.0796 , 7.84e-06
0.08 , 1.936e-05
0.0804 , 2.5e-05
0.0808 , 2.304e-05
0.0812 , 4.84e-06
0.0816 , 1.6e-07
0.082 , 1.444e-05
0.0824 , 3.364e-05
0.0828 , 3.844e-05
0.0832 , 2.304e-05
0.0836 , 4.84e-06
0.084 , 6.4e-07
0.0844 , 1.024e-05
0.0848 , 2.5e-05
0.0852 , 2.916e-05
0.0856 , 1.296e-05
0.086 , 3.6e-07
0.0864 , 7.84e-06
0.0868 , 2.304e-05
0.0872 , 4.624e-05
0.0876 , 3.136e-05
0.088 , 7.84e-06
0.0884 , 0.0
0.0888 , 5.76e-06
0.0892 , 2.304e-05
0.0896 , 2.916e-05
0.09 , 2.116e-05
0.0904 , 4e-06
0.0908 , 1.44e-06
0.0912 , 3.6e-05
0.0916 , 3.6e-05
0.092 , 3.6e-05
0.0924 , 1.6e-05
0.0928 , 1.44e-06
0.0932 , 4.84e-06
0.0936 , 1.936e-05
0.094 , 2.916e-05
0.0944 , 1.936e-05
0.0948 , 7.84e-06
0.0952 , 1.6e-07
0.0956 , 2.116e-05
0.096 , 3.6e-05
0.0964 , 4.096e-05
0.0968 , 2.304e-05
0.0972 , 5.76e-06
0.0976 , 1.44e-06
0.098 , 1.024e-05
0.0984 , 2.704e-05
0.0988 , 3.136e-05
0.0992 , 1.296e-05
0.0996 , 3.6e-07
0.1 , 5.76e-06
0.1004 , 2.916e-05
0.1008 , 3.844e-05
0.1012 , 3.136e-05
0.1016 , 1.156e-05
0.102 , 1.6e-07
0.1024 , 4.84e-06
0.1028 , 2.304e-05
0.1032 , 3.6e-05
0.1036 , 2.116e-05
0.104 , 4e-06
0.1044 , 3.24e-06
0.1048 , 1.936e-05
0.1052 , 4.096e-05
0.1056 , 4.096e-05
0.106 , 1.936e-05
0.1064 , 3.24e-06
0.1068 , 1.96e-06
0.1072 , 1.6e-05
0.1076 , 2.304e-05
0.108 , 2.116e-05
0.1084 , 9e-06
0.1088 , 1.6e-07
0.1092 , 1.156e-05
0.1096 , 3.6e-05
0.11 , 3.844e-05
0.1104 , 2.304e-05
0.1108 , 5.76e-06
0.1112 , 1.44e-06
0.1116 , 9e-06
0.112 , 2.304e-05
0.1124 , 2.704e-05
0.1128 , 1.024e-05
0.1132 , 6.4e-07
0.1136 , 5.76e-06
0.114 , 2.916e-05
0.1144 , 4.096e-05
0.1148 , 3.364e-05
0.1152 , 1.296e-05
0.1156 , 0.0
0.116 , 7.84e-06
0.1164 , 2.116e-05
0.1168 , 2.5e-05
0.1172 , 1.936e-05
0.1176 , 2.56e-06
0.118 , 2.56e-06
0.1184 , 1.444e-05
0.1188 , 4.096e-05
0.1192 , 3.844e-05
0.1196 , 2.116e-05
0.12 , 4e-06
0.1204 , 1.96e-06
0.1208 , 1.156e-05
0.1212 , 2.704e-05
0.1216 , 2.116e-05
0.122 , 7.84e-06
0.1224 , 3.6e-07
0.1228 , 5.76e-06
0.1232 , 2.704e-05
0.1236 , 3.844e-05
0.124 , 3.364e-05
0.1244 , 9e-06
0.1248 , 4e-08
0.1252 , 1.156e-05
0.1256 , 2.916e-05
0.126 , 3.136e-05
0.1264 , 1.156e-05
0.1268 , 1.96e-06
0.1272 , 4e-06
0.1276 , 2.5e-05
0.128 , 4.096e-05
0.1284 , 3.844e-05
0.1288 , 1.296e-05
0.1292 , 0.0
0.1296 , 7.84e-06
0.13 , 2.116e-05
0.1304 , 3.364e-05
0.1308 , 1.936e-05
0.1312 , 3.24e-06
0.1316 , 1.44e-06
0.132 , 1.6e-05
0.1324 , 2.916e-05
0.1328 , 4.624e-05
0.1332 , 1.936e-05
0.1336 , 1.96e-06
0.134 , 4e-06
0.1344 , 1.296e-05
0.1348 , 2.5e-05
0.1352 , 1.936e-05
0.1356 , 9e-06
0.136 , 4e-08
0.1364 , 7.84e-06
0.1368 , 2.704e-05
0.1372 , 3.6e-05
0.1376 , 2.916e-05
0.138 , 7.84e-06
0.1384 , 1.6e-07
0.1388 , 1.156e-05
0.1392 , 2.116e-05
0.1396 , 2.116e-05
0.14 , 1.296e-05
0.1404 , 1e-06
0.1408 , 4e-06
0.1412 , 1.764e-05
0.1416 , 3.844e-05
0.142 , 3.364e-05
0.1424 , 1.296e-05
0.1428 , 1e-06
0.1432 , 4.84e-06
0.1436 , 1.936e-05
0.144 , 2.704e-05
0.1444 , 1.6e-05
0.1448 , 5.76e-06
0.1452 , 1e-06
0.1456 , 1.444e-05
0.146 , 3.6e-05
0.1464 , 3.844e-05
0.1468 , 2.304e-05
0.1472 , 2.56e-06
0.1476 , 6.4e-07
0.148 , 6.4e-07
0.1484 , 6.4e-07
0.1488 , 1.6e-07
0.1492 , 1.6e-07
0.1496 , 1.6e-07
0.15 , 4e-08
0.1504 , 3.6e-07
0.1508 , 0.0
0.1512 , 3.6e-07
0.1516 , 4e-08
0.152 , 4e-08
0.1524 , 1.6e-07
0.1528 , 4e-08
0.1532 , 4e-08
0.1536 , 4e-08
0.154 , 0.0
0.1544 , 0.0
0.1548 , 4e-08
0.1552 , 0.0
0.1556 , 4e-08
0.156 , 1.6e-07
0.1564 , 6.4e-07
0.1568 , 6.4e-07
0.1572 , 4e-08
0.1576 , 3.6e-07
0.158 , 1.6e-07
0.1584 , 6.4e-07
0.1588 , 3.6e-07
0.1592 , 6.4e-07
0.1596 , 4e-08
0.16 , 4e-08
0.1604 , 0.0
0.1608 , 3.6e-07
0.1612 , 6.4e-07
0.1616 , 3.6e-07
0.162 , 3.6e-07
0.1624 , 1e-06
0.1628 , 4e-08
0.1632 , 4e-08
0.1636 , 3.6e-07
0.164 , 3.6e-07
0.1644 , 1.96e-06
0.1648 , 6.4e-07
0.1652 , 1.6e-07
0.1656 , 1.6e-07
0.166 , 1.6e-07
0.1664 , 1.6e-07
0.1668 , 4e-08
0.1672 , 3.6e-07
0.1676 , 4e-08
0.168 , 6.4e-07
0.1684 , 3.6e-07
0.1688 , 4e-08
0.1692 , 1.6e-07
0.1696 , 4e-08
0.17 , 4e-08
0.1704 , 4e-08
0.1708 , 0.0
0.1712 , 0.0
0.1716 , 0.0
0.172 , 1.6e-07
0.1724 , 4e-08
0.1728 , 1.6e-07
0.1732 , 0.0
0.1736 , 0.0
0.174 , 1.6e-07
0.1744 , 1.6e-07
0.1748 , 1.6e-07
0.1752 , 1.6e-07
0.1756 , 1.6e-07
0.176 , 1.6e-07
0.1764 , 6.4e-07
0.1768 , 4e-08
0.1772 , 6.4e-07
0.1776 , 4e-08
0.178 , 6.4e-07
0.1784 , 3.6e-07
0.1788 , 3.6e-07
0.1792 , 0.0
0.1796 , 1.6e-07
0.18 , 0.0
0.1804 , 3.6e-07
0.1808 , 3.6e-07
0.1812 , 0.0
0.1816 , 1.6e-07
0.182 , 6.4e-07
0.1824 , 0.0
0.1828 , 1.6e-07
0.1832 , 1.6e-07
0.1836 , 0.0
0.184 , 4e-08
0.1844 , 6.4e-07
0.1848 , 0.0
0.1852 , 0.0
0.1856 , 0.0
0.186 , 1.6e-07
0.1864 , 0.0
0.1868 , 1.44e-06
0.1872 , 1.6e-07
0.1876 , 3.6e-07
0.188 , 6.4e-07
0.1884 , 1.6e-07
0.1888 , 4e-08
0.1892 , 1.6e-07
0.1896 , 3.6e-07
0.19 , 3.6e-07
0.1904 , 3.6e-07
0.1908 , 3.6e-07
0.1912 , 1.6e-07
0.1916 , 1.6e-07
0.192 , 1.6e-07
0.1924 , 4e-08
0.1928 , 6.4e-07
0.1932 , 4e-08
0.1936 , 1.6e-07
0.194 , 0.0
0.1944 , 4e-08
0.1948 , 0.0
0.1952 , 3.6e-07
0.1956 , 4e-08
0.196 , 1.6e-07
0.1964 , 6.4e-07
0.1968 , 3.6e-07
0.1972 , 6.4e-07
0.1976 , 3.6e-07
0.198 , 3.6e-07
0.1984 , 6.4e-07
0.1988 , 6.4e-07
0.1992 , 3.6e-07
0.1996 , 1.6e-07
0.2 , 0.0
0.2004 , 3.6e-07
0.2008 , 0.0
0.2012 , 4e-08
0.2016 , 0.0
0.202 , 4e-08
0.2024 , 1.6e-07
0.2028 , 1.6e-07
0.2032 , 4e-08
0.2036 , 1.6e-07
0.204 , 0.0
0.2044 , 1.6e-07
0.2048 , 4e-08
0.2052 , 1.6e-07
0.2056 , 1.6e-07
0.206 , 6.4e-07
0.2064 , 1.6e-07
0.2068 , 6.4e-07
0.2072 , 6.4e-07
0.2076 , 1.6e-07
0.208 , 3.6e-07
0.2084 , 1.6e-07
0.2088 , 3.6e-07
0.2092 , 6.4e-07
0.2096 , 1.6e-07
0.21 , 0.0
0.2104 , 1.6e-07
0.2108 , 1.6e-07
0.2112 , 4e-08
0.2116 , 3.6e-07
0.212 , 1.6e-07
0.2124 , 1.6e-07
0.2128 , 3.6e-07
0.2132 , 3.6e-07
0.2136 , 1.6e-07
0.214 , 4e-08
0.2144 , 1.6e-07
0.2148 , 0.0
0.2152 , 3.6e-07
0.2156 , 1.6e-07
0.216 , 3.6e-07
0.2164 , 6.4e-07
0.2168 , 1.6e-07
0.2172 , 3.6e-07
0.2176 , 1.6e-07
0.218 , 3.6e-07
0.2184 , 3.6e-07
0.2188 , 0.0
0.2192 , 1.6e-07
0.2196 , 1.6e-07
0.22 , 0.0
0.2204 , 1.6e-07
0.2208 , 4e-08
0.2212 , 1.6e-07
0.2216 , 3.6e-07
0.222 , 1.6e-07
0.2224 , 3.6e-07
0.2228 , 3.6e-07
0.2232 , 3.6e-07
0.2236 , 4e-08
0.224 , 4e-08
0.2244 , 4e-08
0.2248 , 4e-08
0.2252 , 1.6e-07
0.2256 , 3.6e-07
0.226 , 1.6e-07
0.2264 , 1.6e-07
0.2268 , 1.6e-07
0.2272 , 1.6e-07
0.2276 , 6.4e-07
0.228 , 3.6e-07
0.2284 , 3.6e-07
0.2288 , 1.6e-07
0.2292 , 1e-06
0.2296 , 4e-08
0.23 , 0.0
0.2304 , 4e-08
0.2308 , 0.0
0.2312 , 1.6e-07
0.2316 , 4e-08
0.232 , 1.6e-07
0.2324 , 4e-08
0.2328 , 4e-08
0.2332 , 4e-08
0.2336 , 6.4e-07
0.234 , 1.6e-07
0.2344 , 3.6e-07
0.2348 , 1.6e-07
0.2352 , 1.6e-07
0.2356 , 1.6e-07
0.236 , 3.6e-07
0.2364 , 1.6e-07
0.2368 , 6.4e-07
0.2372 , 1.6e-07
0.2376 , 1.6e-07
0.238 , 1e-06
0.2384 , 4e-08
0.2388 , 4e-08
0.2392 , 1.6e-07
0.2396 , 3.6e-07
0.24 , 4e-08
0.2404 , 1.6e-07
0.2408 , 0.0
0.2412 , 6.4e-07
0.2416 , 3.6e-07
0.242 , 0.0
0.2424 , 1.6e-07
0.2428 , 3.6e-07
0.2432 , 4e-08
0.2436 , 4e-08
0.244 , 0.0
0.2444 , 1.6e-07
0.2448 , 4e-08
0.2452 , 3.6e-07
0.2456 , 4e-08
0.246 , 1.6e-07
0.2464 , 4e-08
0.2468 , 4e-08
0.2472 , 1e-06
0.2476 , 1.6e-07
0.248 , 6.4e-07
0.2484 , 1.6e-07
0.2488 , 6.4e-07
0.2492 , 3.6e-07
0.2496 , 1.6e-07
0.25 , 1.6e-07
0.2504 , 3.6e-07
0.2508 , 4e-08
0.2512 , 1.6e-07
0.2516 , 3.6e-07
0.252 , 3.6e-07
0.2524 , 6.4e-07
0.2528 , 4e-08
0.2532 , 6.4e-07
0.2536 , 1.6e-07
0.254 , 1.6e-07
0.2544 , 1.6e-07
0.2548 , 1.6e-07
0.2552 , 1.6e-07
0.2556 , 3.6e-07
0.256 , 3.6e-07
0.2564 , 1.6e-07
0.2568 , 4e-08
0.2572 , 1.6e-07
0.2576 , 1.6e-07
0.258 , 6.4e-07
0.2584 , 4e-08
0.2588 , 4e-08
0.2592 , 3.24e-06
0.2596 , 1e-06
0.26 , 3.6e-07
0.2604 , 1.6e-07
0.2608 , 3.6e-07
0.2612 , 3.6e-07
0.2616 , 4e-08
0.262 , 4e-08
0.2624 , 4e-08
0.2628 , 4e-08
0.2632 , 1.6e-07
0.2636 , 4e-08
0.264 , 1.6e-07
0.2644 , 3.6e-07
0.2648 , 1.6e-07
0.2652 , 3.6e-07
0.2656 , 6.4e-07
0.266 , 1.6e-07
0.2664 , 4e-08
0.2668 , 1.6e-07
0.2672 , 4e-08
0.2676 , 4e-08
0.268 , 4e-08
0.2684 , 1.6e-07
0.2688 , 4e-08
0.2692 , 3.6e-07
0.2696 , 1.6e-07
0.27 , 0.0
0.2704 , 6.4e-07
0.2708 , 4e-08
0.2712 , 1.6e-07
0.2716 , 1.6e-07
0.272 , 3.6e-07
0.2724 , 0.0
0.2728 , 6.4e-07
0.2732 , 1.6e-07
0.2736 , 6.4e-07
0.274 , 4e-08
0.2744 , 6.4e-07
0.2748 , 4e-08
0.2752 , 1.6e-07
0.2756 , 3.6e-07
0.276 , 1.6e-07
0.2764 , 6.4e-07
0.2768 , 6.4e-07
0.2772 , 3.6e-07
0.2776 , 0.0
0.278 , 4e-08
0.2784 , 1.6e-07
0.2788 , 3.6e-07
0.2792 , 0.0
0.2796 , 4e-08
0.28 , 4e-08
0.2804 , 1.6e-07
0.2808 , 3.6e-07
0.2812 , 1.6e-07
0.2816 , 4e-08
0.282 , 1.6e-07
0.2824 , 3.6e-07
0.2828 , 6.4e-07
0.2832 , 6.4e-07
0.2836 , 0.0
0.284 , 1.6e-07
0.2844 , 1.44e-06
0.2848 , 4e-08
0.2852 , 4e-08
0.2856 , 4e-08
0.286 , 0.0
0.2864 , 1.6e-07
0.2868 , 1.44e-06
0.2872 , 1.6e-07
0.2876 , 1.6e-07
0.288 , 1.6e-07
0.2884 , 3.6e-07
0.2888 , 0.0
0.2892 , 0.0
0.2896 , 1.6e-07
0.29 , 0.0
0.2904 , 4e-08
0.2908 , 4e-08
0.2912 , 1.6e-07
0.2916 , 1.6e-07
0.292 , 1.6e-07
0.2924 , 4e-08
0.2928 , 4e-08
0.2932 , 6.4e-07
0.2936 , 6.4e-07
0.294 , 6.4e-07
0.2944 , 1.6e-07
0.2948 , 6.4e-07
0.2952 , 1.6e-07
0.2956 , 1.6e-07
0.296 , 3.6e-07
0.2964 , 6.4e-07
0.2968 , 1.6e-07
0.2972 , 1.6e-07
0.2976 , 1.6e-07
0.298 , 3.6e-07
0.2984 , 1.6e-07
0.2988 , 1.6e-07
0.2992 , 0.0
0.2996 , 4e-08
0.3 , 3.6e-07
0.3004 , 1.6e-07
0.3008 , 3.6e-07
0.3012 , 1.6e-07
0.3016 , 0.0
0.302 , 0.0
0.3024 , 3.6e-07
0.3028 , 1.6e-07
0.3032 , 1.6e-07
0.3036 , 4e-08
0.304 , 4e-08
0.3044 , 0.0
0.3048 , 3.6e-07
0.3052 , 1e-06
0.3056 , 3.6e-07
0.306 , 4e-08
0.3064 , 1.6e-07
0.3068 , 6.4e-07
0.3072 , 1.6e-07
0.3076 , 1.6e-07
0.308 , 1.6e-07
0.3084 , 3.6e-07
0.3088 , 6.4e-07
0.3092 , 1.6e-07
0.3096 , 1.6e-07
0.31 , 6.4e-07
0.3104 , 1.6e-07
0.3108 , 0.0
0.3112 , 0.0
0.3116 , 1.6e-07
0.312 , 1.6e-07
0.3124 , 3.6e-07
0.3128 , 4e-08
0.3132 , 1.6e-07
0.3136 , 1.6e-07
0.314 , 1.6e-07
0.3144 , 3.6e-07
0.3148 , 1.6e-07
0.3152 , 1.6e-07
0.3156 , 3.6e-07
0.316 , 4e-08
0.3164 , 3.6e-07
0.3168 , 4e-08
0.3172 , 6.4e-07
0.3176 , 0.0
0.318 , 0.0
0.3184 , 3.6e-07
0.3188 , 1.6e-07
0.3192 , 1.6e-07
0.3196 , 1.6e-07
0.32 , 4e-08
0.3204 , 6.4e-07
0.3208 , 4e-08
0.3212 , 1.6e-07
0.3216 , 6.4e-07
0.322 , 4e-08
0.3224 , 4e-08
0.3228 , 1.6e-07
0.3232 , 1.6e-07
0.3236 , 6.4e-07
0.324 , 3.6e-07
0.3244 , 1.6e-07
0.3248 , 4e-08
0.3252 , 6.4e-07
0.3256 , 1.6e-07
0.326 , 1e-06
0.3264 , 3.6e-07
0.3268 , 3.6e-07
0.3272 , 0.0
0.3276 , 0.0
0.328 , 1.6e-07
0.3284 , 0.0
0.3288 , 6.4e-07
0.3292 , 1.6e-07
0.3296 , 1.6e-07
0.33 , 1.6e-07
0.3304 , 3.6e-07
0.3308 , 0.0
0.3312 , 1.6e-07
0.3316 , 1.6e-07
0.332 , 4e-08
0.3324 , 1.6e-07
0.3328 , 6.4e-07
0.3332 , 0.0
0.3336 , 1.6e-07
0.334 , 4e-08
0.3344 , 6.4e-07
0.3348 , 3.6e-07
0.3352 , 4e-08
0.3356 , 1.6e-07
0.336 , 1.6e-07
0.3364 , 1.6e-07
0.3368 , 1.6e-07
0.3372 , 4e-08
0.3376 , 4e-08
0.338 , 1.6e-07
0.3384 , 1.6e-07
0.3388 , 4e-08
0.3392 , 4e-08
0.3396 , 6.4e-07
0.34 , 1.6e-07
0.3404 , 3.6e-07
0.3408 , 3.6e-07
0.3412 , 1.6e-07
0.3416 , 6.4e-07
0.342 , 0.0
0.3424 , 3.6e-07
0.3428 , 3.6e-07
0.3432 , 1.6e-07
0.3436 , 4e-08
0.344 , 1.44e-06
0.3444 , 3.6e-07
0.3448 , 1e-06
0.3452 , 3.6e-07
0.3456 , 0.0
0.346 , 1.6e-07
0.3464 , 4e-08
0.3468 , 3.6e-07
0.3472 , 1.6e-07
0.3476 , 1.6e-07
0.348 , 4e-08
0.3484 , 1.6e-07
0.3488 , 1.6e-07
0.3492 , 3.6e-07
0.3496 , 1.6e-07
0.35 , 1.6e-07
0.3504 , 1.6e-07
0.3508 , 4e-08
0.3512 , 3.6e-07
0.3516 , 4e-08
0.352 , 0.0
0.3524 , 3.6e-07
0.3528 , 1.6e-07
0.3532 , 4e-08
0.3536 , 0.0
0.354 , 6.4e-07
0.3544 , 4e-08
0.3548 , 1.6e-07
0.3552 , 1.6e-07
0.3556 , 1.6e-07
0.356 , 1.6e-07
0.3564 , 4e-08
0.3568 , 4e-08
0.3572 , 1.6e-07
0.3576 , 1.6e-07
0.358 , 3.6e-07
0.3584 , 1.6e-07
0.3588 , 3.6e-07
0.3592 , 0.0
0.3596 , 1.6e-07
0.36 , 1.6e-07
0.3604 , 1.6e-07
0.3608 , 0.0
0.3612 , 6.4e-07
0.3616 , 1.6e-07
0.362 , 1.44e-06
0.3624 , 3.6e-07
0.3628 , 3.6e-07
0.3632 , 1.6e-07
0.3636 , 6.4e-07
0.364 , 4e-08
0.3644 , 4e-08
0.3648 , 4e-08
0.3652 , 1.6e-07
0.3656 , 3.6e-07
0.366 , 1e-06
0.3664 , 4e-08
0.3668 , 1.6e-07
0.3672 , 1.6e-07
0.3676 , 3.6e-07
0.368 , 1.6e-07
0.3684 , 1.6e-07
0.3688 , 4e-08
0.3692 , 1.6e-07
0.3696 , 0.0
0.37 , 3.6e-07
0.3704 , 1.6e-07
0.3708 , 1.6e-07
0.3712 , 3.6e-07
0.3716 , 3.6e-07
0.372 , 4e-08
0.3724 , 1.6e-07
0.3728 , 1.6e-07
0.3732 , 6.4e-07
0.3736 , 4e-08
0.374 , 1.6e-07
0.3744 , 3.6e-07
0.3748 , 0.0
0.3752 , 1.6e-07
0.3756 , 1.6e-07
0.376 , 0.0
0.3764 , 1.6e-07
0.3768 , 6.4e-07
0.3772 , 1.6e-07
0.3776 , 3.6e-07
0.378 , 4e-08
0.3784 , 1.6e-07
0.3788 , 3.6e-07
0.3792 , 4e-08
0.3796 , 6.4e-07
0.38 , 4e-08
0.3804 , 1.6e-07
0.3808 , 1.6e-07
0.3812 , 3.6e-07
0.3816 , 0.0
0.382 , 4e-08
0.3824 , 1.6e-07
0.3828 , 1.6e-07
0.3832 , 4e-08
0.3836 , 1.6e-07
0.384 , 1.6e-07
0.3844 , 4e-08
0.3848 , 3.6e-07
0.3852 , 0.0
0.3856 , 1.6e-07
0.386 , 3.6e-07
0.3864 , 4e-08
0.3868 , 1.6e-07
0.3872 , 4e-08
0.3876 , 4e-08
0.388 , 6.4e-07
0.3884 , 3.6e-07
0.3888 , 6.4e-07
0.3892 , 1.6e-07
0.3896 , 1e-06
0.39 , 4e-08
0.3904 , 1.6e-07
0.3908 , 4e-08
0.3912 , 3.6e-07
0.3916 , 3.6e-07
0.392 , 4e-08
0.3924 , 1.6e-07
0.3928 , 1.6e-07
0.3932 , 1.6e-07
0.3936 , 4e-08
0.394 , 1.6e-07
0.3944 , 1.6e-07
0.3948 , 4e-08
0.3952 , 1.6e-07
0.3956 , 1.6e-07
0.396 , 1.6e-07
0.3964 , 4e-08
0.3968 , 6.4e-07
0.3972 , 3.6e-07
0.3976 , 1.6e-07
0.398 , 4e-08
0.3984 , 4e-08
0.3988 , 6.4e-07
0.3992 , 6.4e-07
0.3996 , 6.4e-07
0.4 , 4e-08
0.4004 , 6.4e-07
0.4008 , 4e-08
0.4012 , 1.6e-07
0.4016 , 6.4e-07
0.402 , 1.6e-07
0.4024 , 4e-08
0.4028 , 0.0
0.4032 , 3.6e-07
0.4036 , 6.4e-07
0.404 , 1.6e-07
0.4044 , 1.6e-07
0.4048 , 6.4e-07
0.4052 , 6.4e-07
0.4056 , 4e-08
0.406 , 6.4e-07
0.4064 , 3.6e-07
0.4068 , 4e-08
0.4072 , 6.4e-07
0.4076 , 3.6e-07
0.408 , 1.6e-07
0.4084 , 1.6e-07
0.4088 , 4e-08
0.4092 , 1.6e-07
0.4096 , 4e-08
0.41 , 1.6e-07
0.4104 , 0.0
0.4108 , 3.6e-07
0.4112 , 4e-08
0.4116 , 1.6e-07
0.412 , 1.6e-07
0.4124 , 6.4e-07
0.4128 , 1.6e-07
0.4132 , 1.6e-07
0.4136 , 3.6e-07
0.414 , 1.6e-07
0.4144 , 3.6e-07
0.4148 , 6.4e-07
0.4152 , 6.4e-07
0.4156 , 1.6e-07
0.416 , 6.4e-07
0.4164 , 3.6e-07
0.4168 , 6.4e-07
0.4172 , 3.6e-07
0.4176 , 6.4e-07
0.418 , 3.6e-07
0.4184 , 1.6e-07
0.4188 , 1.6e-07
0.4192 , 1.6e-07
0.4196 , 1.6e-07
0.42 , 1.6e-07
0.4204 , 4e-08
0.4208 , 6.4e-07
0.4212 , 6.4e-07
0.4216 , 3.6e-07
0.422 , 1.6e-07
0.4224 , 1.6e-07
0.4228 , 1.6e-07
0.4232 , 4e-08
0.4236 , 1.6e-07
0.424 , 0.0
0.4244 , 0.0
0.4248 , 4e-08
0.4252 , 1.6e-07
0.4256 , 0.0
0.426 , 1.6e-07
0.4264 , 1.6e-07
0.4268 , 1.6e-07
0.4272 , 1.6e-07
0.4276 , 1.6e-07
0.428 , 1.6e-07
0.4284 , 6.4e-07
0.4288 , 1.6e-07
0.4292 , 0.0
0.4296 , 3.6e-07
0.43 , 4e-08
0.4304 , 6.4e-07
0.4308 , 4e-08
0.4312 , 3.6e-07
0.4316 , 1.6e-07
0.432 , 1.6e-07
0.4324 , 1.6e-07
0.4328 , 1.6e-07
0.4332 , 4e-08
0.4336 , 0.0
0.434 , 3.6e-07
0.4344 , 1.6e-07
0.4348 , 1.6e-07
0.4352 , 1.6e-07
0.4356 , 3.6e-07
0.436 , 1.6e-07
0.4364 , 4e-08
0.4368 , 3.6e-07
0.4372 , 1.6e-07
0.4376 , 3.6e-07
0.438 , 3.6e-07
0.4384 , 1.6e-07
0.4388 , 0.0
0.4392 , 3.6e-07
0.4396 , 1.6e-07
0.44 , 0.0
0.4404 , 4e-08
0.4408 , 4e-08
0.4412 , 3.6e-07
0.4416 , 1.6e-07
0.442 , 0.0
0.4424 , 0.0
0.4428 , 1.6e-07
0.4432 , 1.6e-07
0.4436 , 1.6e-07
0.444 , 1.6e-07
0.4444 , 1.6e-07
0.4448 , 0.0
0.4452 , 1.6e-07
0.4456 , 1e-06
0.446 , 1.6e-07
0.4464 , 3.6e-07
0.4468 , 0.0
0.4472 , 1.6e-07
0.4476 , 3.6e-07
0.448 , 1.6e-07
0.4484 , 1.6e-07
0.4488 , 4e-08
0.4492 , 0.0
0.4496 , 0.0
0.45 , 6.4e-07
0.4504 , 4e-08
0.4508 , 0.0
0.4512 , 1.6e-07
0.4516 , 4e-08
0.452 , 0.0
0.4524 , 1.6e-07
0.4528 , 3.6e-07
0.4532 , 3.6e-07
0.4536 , 1.6e-07
0.454 , 4e-08
0.4544 , 4e-08
0.4548 , 6.4e-07
0.4552 , 4e-08
0.4556 , 4e-08
0.456 , 1.6e-07
0.4564 , 4e-08
0.4568 , 3.6e-07
0.4572 , 4e-08
0.4576 , 3.6e-07
0.458 , 3.6e-07
0.4584 , 6.4e-07
0.4588 , 1.6e-07
0.4592 , 1.6e-07
0.4596 , 1.6e-07
0.46 , 4e-08
0.4604 , 1.6e-07
0.4608 , 1.6e-07
0.4612 , 1.6e-07
0.4616 , 1.6e-07
0.462 , 4e-08
0.4624 , 1.6e-07
0.4628 , 1.6e-07
0.4632 , 3.6e-07
0.4636 , 1.6e-07
0.464 , 1.6e-07
0.4644 , 4e-08
0.4648 , 1.6e-07
0.4652 , 1.6e-07
0.4656 , 1e-06
0.466 , 6.4e-07
0.4664 , 4e-08
0.4668 , 1.6e-07
0.4672 , 4e-08
0.4676 , 1e-06
0.468 , 1e-06
0.4684 , 6.4e-07
0.4688 , 4e-08
0.4692 , 0.0
0.4696 , 6.4e-07
0.47 , 4e-08
0.4704 , 4e-08
0.4708 , 4e-08
0.4712 , 0.0
0.4716 , 4e-08
0.472 , 1.6e-07
0.4724 , 0.0
0.4728 , 1.6e-07
0.4732 , 1.6e-07
0.4736 , 4e-08
0.474 , 0.0
0.4744 , 1.6e-07
0.4748 , 1.6e-07
0.4752 , 1.6e-07
0.4756 , 1.6e-07
0.476 , 4e-08
0.4764 , 3.6e-07
0.4768 , 0.0
0.4772 , 4e-08
0.4776 , 4e-08
0.478 , 3.6e-07
0.4784 , 3.6e-07
0.4788 , 4e-08
0.4792 , 1.6e-07
0.4796 , 3.6e-07
0.48 , 4e-08
0.4804 , 4e-08
0.4808 , 4e-08
0.4812 , 1.6e-07
0.4816 , 3.6e-07
0.482 , 0.0
0.4824 , 1.6e-07
0.4828 , 4e-08
0.4832 , 1.6e-07
0.4836 , 6.4e-07
0.484 , 0.0
0.4844 , 6.4e-07
0.4848 , 4e-08
0.4852 , 6.4e-07
0.4856 , 1e-06
0.486 , 0.0
0.4864 , 1.6e-07
0.4868 , 6.4e-07
0.4872 , 6.4e-07
0.4876 , 6.4e-07
0.488 , 1.6e-07
0.4884 , 4e-08
0.4888 , 0.0
0.4892 , 6.4e-07
0.4896 , 3.6e-07
0.49 , 0.0
0.4904 , 3.6e-07
0.4908 , 3.6e-07
0.4912 , 1.6e-07
0.4916 , 0.0
0.492 , 4e-08
0.4924 , 4e-08
0.4928 , 0.0
0.4932 , 1.6e-07
0.4936 , 3.6e-07
0.494 , 1e-06
0.4944 , 4e-08
0.4948 , 3.6e-07
0.4952 , 1.6e-07
0.4956 , 1.6e-07
0.496 , 4e-08
0.4964 , 3.6e-07
0.4968 , 6.4e-07
0.4972 , 1.6e-07
0.4976 , 6.4e-07
0.498 , 3.6e-07
0.4984 , 1.6e-07
0.4988 , 6.4e-07
0.4992 , 3.6e-07
0.4996 , 4e-08
0.5 , 0.0
0.5004 , 1.6e-07
0.5008 , 1.6e-07
0.5012 , 1.6e-07
0.5016 , 1.6e-07
0.502 , 4e-08
0.5024 , 1.6e-07
0.5028 , 3.6e-07
0.5032 , 1.6e-07
0.5036 , 1.6e-07
0.504 , 1.6e-07
0.5044 , 1e-06
0.5048 , 1.6e-07
0.5052 , 1.6e-07
0.5056 , 1.6e-07
0.506 , 1.6e-07
0.5064 , 4e-08
0.5068 , 4e-08
0.5072 , 6.4e-07
0.5076 , 3.6e-07
0.508 , 3.6e-07
0.5084 , 1.6e-07
0.5088 , 0.0
0.5092 , 3.6e-07
0.5096 , 4e-08
0.51 , 0.0
0.5104 , 4e-08
0.5108 , 1.6e-07
0.5112 , 1.6e-07
0.5116 , 1.6e-07
0.512 , 1.6e-07
0.5124 , 6.4e-07
0.5128 , 3.6e-07
0.5132 , 3.6e-07
0.5136 , 1.6e-07
0.514 , 0.0
0.5144 , 0.0
0.5148 , 1.6e-07
0.5152 , 0.0
0.5156 , 3.6e-07
0.516 , 3.6e-07
0.5164 , 7.84e-06
0.5168 , 0.0
0.5172 , 4e-08
0.5176 , 1.6e-07
0.518 , 1.6e-07
0.5184 , 6.4e-07
0.5188 , 1.6e-07
0.5192 , 1.6e-07
0.5196 , 4e-08
0.52 , 4e-08
0.5204 , 1.6e-07
0.5208 , 0.0
0.5212 , 4e-08
0.5216 , 1.6e-07
0.522 , 4e-08
0.5224 , 3.6e-07
0.5228 , 1.6e-07
0.5232 , 4e-08
0.5236 , 3.6e-07
0.524 , 3.6e-07
0.5244 , 1.6e-07
0.5248 , 4e-08
0.5252 , 0.0
0.5256 , 4e-08
0.526 , 6.4e-07
0.5264 , 4e-08
0.5268 , 3.6e-07
0.5272 , 6.4e-07
0.5276 , 3.6e-07
0.528 , 1.6e-07
0.5284 , 0.0
0.5288 , 1.6e-07
0.5292 , 3.6e-07
0.5296 , 4e-08
0.53 , 1.6e-07
0.5304 , 0.0
0.5308 , 1.6e-07
0.5312 , 1.6e-07
0.5316 , 1.6e-07
0.532 , 4e-08
0.5324 , 1.6e-07
0.5328 , 1.6e-07
0.5332 , 0.0
0.5336 , 1.6e-07
0.534 , 4e-08
0.5344 , 1.6e-07
0.5348 , 4e-08
0.5352 , 3.6e-07
0.5356 , 3.6e-07
0.536 , 1.6e-07
0.5364 , 6.4e-07
0.5368 , 1.6e-07
0.5372 , 1.6e-07
0.5376 , 0.0
0.538 , 1.6e-07
0.5384 , 1.6e-07
0.5388 , 3.6e-07
0.5392 , 1.6e-07
0.5396 , 6.4e-07
0.54 , 1.6e-07
0.5404 , 3.6e-07
0.5408 , 3.6e-07
0.5412 , 4e-08
0.5416 , 4e-08
0.542 , 1.6e-07
0.5424 , 1.6e-07
0.5428 , 1.6e-07
0.5432 , 1.6e-07
0.5436 , 3.6e-07
0.544 , 3.6e-07
0.5444 , 1.6e-07
0.5448 , 1e-06
0.5452 , 1.6e-07
0.5456 , 3.6e-07
0.546 , 1.6e-07
0.5464 , 1.6e-07
0.5468 , 6.4e-07
0.5472 , 6.4e-07
0.5476 , 4e-08
0.548 , 4e-08
0.5484 , 0.0
0.5488 , 1.6e-07
0.5492 , 4e-08
0.5496 , 1.6e-07
0.55 , 1.6e-07
0.5504 , 0.0
0.5508 , 3.6e-07
0.5512 , 1.6e-07
0.5516 , 3.6e-07
0.552 , 1.44e-06
0.5524 , 1.6e-07
0.5528 , 1.6e-07
0.5532 , 3.6e-07
0.5536 , 1.6e-07
0.554 , 0.0
0.5544 , 3.6e-07
0.5548 , 0.0
0.5552 , 6.4e-07
0.5556 , 4e-08
0.556 , 3.6e-07
0.5564 , 4e-08
0.5568 , 1.6e-07
0.5572 , 1.6e-07
0.5576 , 3.6e-07
0.558 , 4e-08
0.5584 , 4e-08
0.5588 , 3.6e-07
0.5592 , 4e-08
0.5596 , 4e-08
0.56 , 1.6e-07
0.5604 , 6.4e-07
0.5608 , 6.4e-07
0.5612 , 4e-08
0.5616 , 1.6e-07
0.562 , 1.6e-07
0.5624 , 1.6e-07
0.5628 , 4e-08
0.5632 , 3.6e-07
0.5636 , 1.6e-07
0.564 , 1.6e-07
0.5644 , 4e-08
0.5648 , 3.6e-07
0.5652 , 0.0
0.5656 , 4e-08
0.566 , 1.6e-07
0.5664 , 1.6e-07
0.5668 , 6.4e-07
0.5672 , 3.6e-07
0.5676 , 4e-08
0.568 , 0.0
0.5684 , 3.6e-07
0.5688 , 1.6e-07
0.5692 , 1.6e-07
0.5696 , 0.0
0.57 , 0.0
0.5704 , 4e-08
0.5708 , 4e-08
0.5712 , 1.6e-07
0.5716 , 0.0
0.572 , 1.6e-07
0.5724 , 1.6e-07
0.5728 , 3.6e-07
0.5732 , 1.6e-07
0.5736 , 0.0
0.574 , 4e-08
0.5744 , 1.6e-07
0.5748 , 1.6e-07
0.5752 , 0.0
0.5756 , 0.0
0.576 , 1.6e-07
0.5764 , 4e-08
0.5768 , 3.6e-07
0.5772 , 6.4e-07
0.5776 , 1.6e-07
0.578 , 1.6e-07
0.5784 , 3.6e-07
0.5788 , 4e-08
0.5792 , 6.4e-07
0.5796 , 4e-08
0.58 , 6.4e-07
0.5804 , 6.4e-07
0.5808 , 1.6e-07
0.5812 , 1.6e-07
0.5816 , 1.6e-07
0.582 , 3.6e-07
0.5824 , 1.6e-07
0.5828 , 1e-06
0.5832 , 4e-08
0.5836 , 0.0
0.584 , 1.6e-07
0.5844 , 0.0
0.5848 , 1.6e-07
0.5852 , 1.6e-07
0.5856 , 4e-08
0.586 , 1.6e-07
0.5864 , 6.4e-07
0.5868 , 4e-08
0.5872 , 6.4e-07
0.5876 , 4e-08
0.588 , 1.6e-07
0.5884 , 1.6e-07
0.5888 , 1.6e-07
0.5892 , 0.0
0.5896 , 1.6e-07
0.59 , 1.6e-07
0.5904 , 4e-08
0.5908 , 3.6e-07
0.5912 , 3.6e-07
0.5916 , 6.4e-07
0.592 , 4e-08
0.5924 , 1.6e-07
0.5928 , 4e-08
0.5932 , 3.6e-07
0.5936 , 0.0
0.594 , 0.0
0.5944 , 1.6e-07
0.5948 , 3.6e-07
0.5952 , 1.6e-07
0.5956 , 1.44e-06
0.596 , 1.6e-07
0.5964 , 1.6e-07
0.5968 , 0.0
0.5972 , 3.6e-07
0.5976 , 4e-08
0.598 , 1.6e-07
0.5984 , 1.6e-07
0.5988 , 1.6e-07
0.5992 , 0.0
0.5996 , 3.6e-07
0.6 , 1.6e-07
0.6004 , 4e-08
0.6008 , 3.6e-07
0.6012 , 3.6e-07
0.6016 , 3.6e-07
0.602 , 1.6e-07
0.6024 , 4e-08
0.6028 , 1.6e-07
0.6032 , 3.6e-07
0.6036 , 3.6e-07
0.604 , 4e-08
0.6044 , 0.0
0.6048 , 1.6e-07
0.6052 , 3.6e-07
0.6056 , 1.6e-07
0.606 , 6.4e-07
0.6064 , 1.6e-07
0.6068 , 1.6e-07
0.6072 , 3.6e-07
0.6076 , 1.6e-07
0.608 , 6.4e-07
0.6084 , 1.6e-07
0.6088 , 4e-08
0.6092 , 1.6e-07
0.6096 , 4e-08
0.61 , 3.6e-07
0.6104 , 4e-08
0.6108 , 1.6e-07
0.6112 , 1.6e-07
0.6116 , 0.0
0.612 , 3.6e-07
0.6124 , 3.6e-07
0.6128 , 1.6e-07
0.6132 , 4e-08
0.6136 , 4e-08
0.614 , 1.6e-07
0.6144 , 6.4e-07
0.6148 , 4e-08
0.6152 , 1.6e-07
0.6156 , 1.6e-07
0.616 , 1.6e-07
0.6164 , 4e-08
0.6168 , 0.0
0.6172 , 1.6e-07
0.6176 , 1.6e-07
0.618 , 1.6e-07
0.6184 , 0.0
0.6188 , 4e-08
0.6192 , 4e-08
0.6196 , 4e-08
0.62 , 4e-08
0.6204 , 0.0
0.6208 , 1.6e-07
0.6212 , 6.4e-07
0.6216 , 6.4e-07
0.622 , 1.6e-07
0.6224 , 3.6e-07
0.6228 , 3.6e-07
0.6232 , 3.6e-07
0.6236 , 3.6e-07
0.624 , 1e-06
0.6244 , 1.6e-07
0.6248 , 4e-08
0.6252 , 1.6e-07
0.6256 , 4e-08
0.626 , 0.0
0.6264 , 6.4e-07
0.6268 , 3.6e-07
0.6272 , 4e-08
0.6276 , 4e-08
0.628 , 6.4e-07
0.6284 , 1.6e-07
0.6288 , 1e-06
0.6292 , 1.6e-07
0.6296 , 1.6e-07
0.63 , 3.6e-07
0.6304 , 3.6e-07
0.6308 , 0.0
0.6312 , 1.6e-07
0.6316 , 0.0
0.632 , 3.6e-07
0.6324 , 1.6e-07
0.6328 , 6.4e-07
0.6332 , 1.6e-07
0.6336 , 6.4e-07
0.634 , 0.0
0.6344 , 6.4e-07
0.6348 , 1e-06
0.6352 , 4e-08
0.6356 , 4e-08
0.636 , 1.44e-06
0.6364 , 0.0
0.6368 , 1e-06
0.6372 , 0.0
0.6376 , 4e-08
0.638 , 3.6e-07
0.6384 , 1.6e-07
0.6388 , 4e-08
0.6392 , 1.6e-07
0.6396 , 0.0
0.64 , 1.6e-07
0.6404 , 1.6e-07
0.6408 , 1.6e-07
0.6412 , 1.6e-07
0.6416 , 1.6e-07
0.642 , 3.6e-07
0.6424 , 4e-08
0.6428 , 1.6e-07
0.6432 , 4e-08
0.6436 , 1.6e-07
0.644 , 1.6e-07
0.6444 , 3.6e-07
0.6448 , 1.6e-07
0.6452 , 1.6e-07
0.6456 , 1.6e-07
0.646 , 6.4e-07
0.6464 , 1.6e-07
0.6468 , 0.0
0.6472 , 3.6e-07
0.6476 , 1.6e-07
0.648 , 6.4e-07
0.6484 , 0.0
0.6488 , 4e-08
0.6492 , 1.6e-07
0.6496 , 1.6e-07
0.65 , 4e-08
0.6504 , 6.4e-07
0.6508 , 0.0
0.6512 , 1.6e-07
0.6516 , 1.44e-06
0.652 , 4e-08
0.6524 , 4e-08
0.6528 , 6.4e-07
0.6532 , 3.6e-07
0.6536 , 6.4e-07
0.654 , 6.4e-07
0.6544 , 0.0
0.6548 , 1.6e-07
0.6552 , 6.4e-07
0.6556 , 1.6e-07
0.656 , 6.4e-07
0.6564 , 6.4e-07
0.6568 , 3.6e-07
0.6572 , 1e-06
0.6576 , 4e-08
0.658 , 6.4e-07
0.6584 , 1.6e-07
0.6588 , 0.0
0.6592 , 0.0
0.6596 , 1.6e-07
0.66 , 4e-08
0.6604 , 1.6e-07
0.6608 , 1.6e-07
0.6612 , 3.6e-07
0.6616 , 6.4e-07
0.662 , 1.6e-07
0.6624 , 4e-08
0.6628 , 1.6e-07
0.6632 , 1.6e-07
0.6636 , 4e-06
0.664 , 1.6e-07
0.6644 , 1.6e-07
0.6648 , 0.0
0.6652 , 3.6e-07
0.6656 , 1.6e-07
0.666 , 3.6e-07
0.6664 , 1.6e-07
0.6668 , 4e-08
0.6672 , 6.4e-07
0.6676 , 3.6e-07
0.668 , 4e-08
0.6684 , 6.4e-07
0.6688 , 0.0
0.6692 , 1.6e-07
0.6696 , 1.6e-07
0.67 , 1.6e-07
0.6704 , 1.6e-07
0.6708 , 4e-08
0.6712 , 1.6e-07
0.6716 , 1.6e-07
0.672 , 4e-08
0.6724 , 3.6e-07
0.6728 , 1.6e-07
0.6732 , 3.6e-07
0.6736 , 3.6e-07
0.674 , 3.6e-07
0.6744 , 1.6e-07
0.6748 , 6.4e-07
0.6752 , 6.4e-07
0.6756 , 4e-08
0.676 , 4e-08
0.6764 , 1.6e-07
0.6768 , 3.6e-07
0.6772 , 0.0
0.6776 , 1.6e-07
0.678 , 4e-08
0.6784 , 0.0
0.6788 , 1.6e-07
0.6792 , 1.6e-07
0.6796 , 4e-08
0.68 , 3.6e-07
0.6804 , 3.6e-07
0.6808 , 0.0
0.6812 , 1.6e-07
0.6816 , 6.4e-07
0.682 , 0.0
0.6824 , 3.6e-07
0.6828 , 0.0
0.6832 , 1.6e-07
0.6836 , 6.4e-07
0.684 , 1.6e-07
0.6844 , 0.0
0.6848 , 4e-08
0.6852 , 6.4e-07
0.6856 , 1.6e-07
0.686 , 6.4e-07
0.6864 , 6.4e-07
0.6868 , 0.0
0.6872 , 4e-08
0.6876 , 6.4e-07
0.688 , 1.6e-07
0.6884 , 1.6e-07
0.6888 , 3.6e-07
0.6892 , 1.6e-07
0.6896 , 4e-08
0.69 , 0.0
0.6904 , 6.4e-07
0.6908 , 3.6e-07
0.6912 , 3.6e-07
0.6916 , 0.0
0.692 , 1.6e-07
0.6924 , 0.0
0.6928 , 3.6e-07
0.6932 , 4e-08
0.6936 , 1.6e-07
0.694 , 4e-08
0.6944 , 1.6e-07
0.6948 , 1.6e-07
0.6952 , 1.6e-07
0.6956 , 0.0
0.696 , 1.6e-07
0.6964 , 6.4e-07
0.6968 , 1.6e-07
0.6972 , 1.6e-07
0.6976 , 1.6e-07
0.698 , 1.6e-07
0.6984 , 4e-08
0.6988 , 1.6e-07
0.6992 , 0.0
0.6996 , 0.0
0.7 , 6.4e-07
0.7004 , 3.6e-07
0.7008 , 1e-06
0.7012 , 4e-08
0.7016 , 3.6e-07
0.702 , 6.4e-07
0.7024 , 1.6e-07
0.7028 , 3.6e-07
0.7032 , 1.44e-06
0.7036 , 1.6e-07
0.704 , 6.4e-07
0.7044 , 3.6e-07
0.7048 , 1.6e-07
0.7052 , 3.6e-07
0.7056 , 4e-08
0.706 , 3.6e-07
0.7064 , 6.4e-07
0.7068 , 3.6e-07
0.7072 , 4e-08
0.7076 , 3.6e-07
0.708 , 1.6e-07
0.7084 , 0.0
0.7088 , 4e-08
0.7092 , 1.6e-07
0.7096 , 1.6e-07
0.71 , 0.0
0.7104 , 1.6e-07
0.7108 , 4e-08
0.7112 , 6.4e-07
0.7116 , 6.4e-07
0.712 , 1.6e-07
0.7124 , 3.6e-07
0.7128 , 4e-08
0.7132 , 1e-06
0.7136 , 1.6e-07
0.714 , 4e-08
0.7144 , 3.6e-07
0.7148 , 0.0
0.7152 , 3.6e-07
0.7156 , 4e-08
0.716 , 1.6e-07
0.7164 , 3.6e-07
0.7168 , 4e-08
0.7172 , 0.0
0.7176 , 1.6e-07
0.718 , 1e-06
0.7184 , 4e-08
0.7188 , 1.6e-07
0.7192 , 3.6e-07
0.7196 , 3.6e-07
0.72 , 4e-08
0.7204 , 0.0
0.7208 , 1.6e-07
0.7212 , 3.6e-07
0.7216 , 1.6e-07
0.722 , 4e-08
0.7224 , 1.6e-07
0.7228 , 1.6e-07
0.7232 , 1e-06
0.7236 , 4e-08
0.724 , 6.4e-07
0.7244 , 0.0
0.7248 , 1.6e-07
0.7252 , 4e-08
0.7256 , 0.0
0.726 , 3.6e-07
0.7264 , 0.0
0.7268 , 0.0
0.7272 , 3.6e-07
0.7276 , 3.6e-07
0.728 , 1.6e-07
0.7284 , 4e-08
0.7288 , 4e-08
0.7292 , 6.4e-07
0.7296 , 1e-06
0.73 , 0.0
0.7304 , 6.4e-07
0.7308 , 0.0
0.7312 , 1.6e-07
0.7316 , 4e-08
0.732 , 4e-08
0.7324 , 4e-08
0.7328 , 3.6e-07
0.7332 , 1.6e-07
0.7336 , 6.4e-07
0.734 , 4e-08
0.7344 , 1.6e-07
0.7348 , 0.0
0.7352 , 4e-08
0.7356 , 4e-08
0.736 , 3.6e-07
0.7364 , 0.0
0.7368 , 4e-08
0.7372 , 4e-08
0.7376 , 0.0
0.738 , 4e-08
0.7384 , 3.6e-07
0.7388 , 4e-08
0.7392 , 4e-08
0.7396 , 1.6e-07
0.74 , 1.6e-07
0.7404 , 1.6e-07
0.7408 , 3.6e-07
0.7412 , 1.6e-07
0.7416 , 1.6e-07
0.742 , 1.6e-07
0.7424 , 6.4e-07
0.7428 , 4e-08
0.7432 , 1.6e-07
0.7436 , 3.6e-07
0.744 , 3.6e-07
0.7444 , 6.4e-07
0.7448 , 1.6e-07
0.7452 , 4e-08
0.7456 , 4e-08
0.746 , 1.6e-07
0.7464 , 1.6e-07
0.7468 , 4e-08
0.7472 , 4e-08
0.7476 , 0.0
0.748 , 0.0
0.7484 , 1.6e-07
0.7488 , 4e-08
0.7492 , 1.6e-07
0.7496 , 3.6e-07
0.75 , 0.0
0.7504 , 1.6e-07
0.7508 , 4e-06
0.7512 , 1.6e-07
0.7516 , 6.4e-07
0.752 , 6.4e-07
0.7524 , 0.0
0.7528 , 0.0
0.7532 , 1.6e-07
0.7536 , 1.6e-07
0.754 , 0.0
0.7544 , 1e-06
0.7548 , 3.6e-07
0.7552 , 1.6e-07
0.7556 , 1.6e-07
0.756 , 4e-08
0.7564 , 1.6e-07
0.7568 , 3.6e-07
0.7572 , 1.6e-07
0.7576 , 4e-08
0.758 , 1.6e-07
0.7584 , 3.6e-07
0.7588 , 1.6e-07
0.7592 , 3.6e-07
0.7596 , 0.0
0.76 , 1.6e-07
0.7604 , 3.6e-07
0.7608 , 6.4e-07
0.7612 , 4e-08
0.7616 , 1.6e-07
0.762 , 6.4e-07
0.7624 , 3.6e-07
0.7628 , 3.6e-07
0.7632 , 4e-08
0.7636 , 1.6e-07
0.764 , 4e-08
0.7644 , 0.0
0.7648 , 1.6e-07
0.7652 , 1.6e-07
0.7656 , 1.6e-07
0.766 , 3.6e-07
0.7664 , 1.6e-07
0.7668 , 0.0
0.7672 , 1.6e-07
0.7676 , 4e-08
0.768 , 1.6e-07
0.7684 , 3.6e-07
0.7688 , 4e-08
0.7692 , 1.6e-07
0.7696 , 1.6e-07
0.77 , 6.4e-07
0.7704 , 1.6e-07
0.7708 , 3.6e-07
0.7712 , 3.6e-07
0.7716 , 3.6e-07
0.772 , 4e-08
0.7724 , 4e-08
0.7728 , 4e-08
0.7732 , 1.6e-07
0.7736 , 1.6e-07
0.774 , 0.0
0.7744 , 4e-08
0.7748 , 0.0
0.7752 , 4e-08
0.7756 , 4e-08
0.776 , 6.4e-07
0.7764 , 1.6e-07
0.7768 , 1.6e-07
0.7772 , 1.6e-07
0.7776 , 1.6e-07
0.778 , 0.0
0.7784 , 3.6e-07
0.7788 , 4e-08
0.7792 , 1.6e-07
0.7796 , 1.6e-07
0.78 , 1.6e-07
0.7804 , 4e-08
0.7808 , 1.6e-07
0.7812 , 3.6e-07
0.7816 , 1.6e-07
0.782 , 3.6e-07
0.7824 , 3.6e-07
0.7828 , 3.6e-07
0.7832 , 4e-08
0.7836 , 0.0
0.784 , 4e-08
0.7844 , 0.0
0.7848 , 4e-08
0.7852 , 0.0
0.7856 , 0.0
0.786 , 1.6e-07
0.7864 , 1.6e-07
0.7868 , 4e-08
0.7872 , 3.6e-07
0.7876 , 1e-06
0.788 , 1.6e-07
0.7884 , 1.6e-07
0.7888 , 4e-08
0.7892 , 4e-08
0.7896 , 1.6e-07
0.79 , 0.0
0.7904 , 0.0
0.7908 , 3.6e-07
0.7912 , 3.6e-07
0.7916 , 3.6e-07
0.792 , 6.4e-07
0.7924 , 3.6e-07
0.7928 , 1.6e-07
0.7932 , 6.4e-07
0.7936 , 4e-08
0.794 , 4e-08
0.7944 , 4e-08
0.7948 , 0.0
0.7952 , 3.6e-07
0.7956 , 0.0
0.796 , 4e-08
0.7964 , 4e-08
0.7968 , 1.44e-06
0.7972 , 6.4e-07
0.7976 , 0.0
0.798 , 6.4e-07
0.7984 , 1.6e-07
0.7988 , 6.4e-07
0.7992 , 6.4e-07
0.7996 , 6.4e-07
